cam0:
  T_cam_imu:
  - [-0.99996189556,  0.00177716736,  0.00854687716,  0.09476019745] 
  - [ 0.00181086972,  0.99999060989,  0.00393711635,  0.01366540475] 
  - [-0.00853979999,  0.00395244361, -0.99995572402, -0.01276210826] 
  - [ 0.00000000000,  0.00000000000,  0.00000000000,  1.00000000000] 
  rectification_matrix:
  - [ 0.99995865603, -0.00048149188,  0.00908044013] 
  - [ 0.00046133912,  0.99999742644,  0.00222132436] 
  - [-0.00908148631, -0.00221704336,  0.99995630471] 
  projection_matrix:
  - [992.74722569024,  0.00000000000, 654.15419536749,  0.00000000000] 
  - [ 0.00000000000, 992.74722569024, 341.57411678868,  0.00000000000] 
  - [ 0.00000000000,  0.00000000000,  1.00000000000,  0.00000000000] 
  camera_model: pinhole
  intrinsics: [1062.95, 1063.34, 647.382, 343.582]
  distortion_model: equidistant
  distortion_coeffs: [-0.0964818, 0.0280143, -0.0631911, 0.0466893]
  resolution: [1280, 800]
  rostopic: /ovc/left/image_raw
cam1:
  T_cam_imu:
  - [-0.99999101900,  0.00200604284,  0.00373332531, -0.02494619952] 
  - [ 0.00200418816,  0.99999786638, -0.00050046457,  0.01366720342] 
  - [-0.00373432130, -0.00049297779, -0.99999290588, -0.01378937999] 
  - [ 0.00000000000,  0.00000000000,  0.00000000000,  1.00000000000] 
  T_cn_cnm1:
  - [ 0.99998838824,  0.00020986908,  0.00481449205, -0.11964672151] 
  - [-0.00023122563,  0.99999013523,  0.00443576222,  0.00008045414] 
  - [-0.00481351363, -0.00443682395,  0.99997857211, -0.00051078469] 
  - [ 0.00000000000,  0.00000000000,  0.00000000000,  1.00000000000] 
  rectification_matrix:
  - [ 0.99999066141, -0.00067242453,  0.00426906737] 
  - [ 0.00068189684,  0.99999730828, -0.00221775644] 
  - [-0.00426756461,  0.00222064679,  0.99998842824] 
  projection_matrix:
  - [992.74722569024,  0.00000000000, 654.15419536749, -118.78005916504] 
  - [ 0.00000000000, 992.74722569024, 341.57411678868,  0.00000000000] 
  - [ 0.00000000000,  0.00000000000,  1.00000000000,  0.00000000000] 
  camera_model: pinhole
  intrinsics: [1060.27, 1060.84, 667.195, 352.832]
  distortion_model: equidistant
  distortion_coeffs: [-0.0899779, -0.0137628, 0.029782, -0.0254639]
  resolution: [1280, 800]
  rostopic: /ovc/right/image_raw
