cam0:
  rectification_matrix:
  - [ 0.99999367448,  0.00314784916,  0.00165591214] 
  - [-0.00313096886,  0.99994409556, -0.01009964272] 
  - [-0.00168761172,  0.01009439423,  0.99994762621] 
  projection_matrix:
  - [931.19817376077,  0.00000000000, 679.82826721704,  0.00000000000] 
  - [ 0.00000000000, 931.19817376077, 307.42977115339,  0.00000000000] 
  - [ 0.00000000000,  0.00000000000,  1.00000000000,  0.00000000000] 
  camera_model: pinhole
  intrinsics: [981.024, 981.22, 629.632, 315.254]
  distortion_model: equidistant
  distortion_coeffs: [-0.0233755, 0.0167351, -0.0245647, 0.00474105]
  resolution: [1280, 800]
  rostopic: /ovc/left/image_raw
cam1:
  T_cn_cnm1:
  - [ 0.99999849706, -0.00045094703,  0.00167407567, -0.11956819130] 
  - [ 0.00048465480,  0.99979605062, -0.02018965756, -0.00043026014] 
  - [-0.00166462977,  0.02019043856,  0.99979476654, -0.00000651765] 
  - [ 0.00000000000,  0.00000000000,  0.00000000000,  1.00000000000] 
  rectification_matrix:
  - [ 0.99999352416,  0.00359842658,  0.00005450954] 
  - [-0.00359879353,  0.99994254847,  0.01009695270] 
  - [-0.00001817326, -0.01009708349,  0.99994902299] 
  projection_matrix:
  - [931.19817376077,  0.00000000000, 679.82826721704, -111.34240257152] 
  - [ 0.00000000000, 931.19817376077, 307.42977115339,  0.00000000000] 
  - [ 0.00000000000,  0.00000000000,  1.00000000000,  0.00000000000] 
  camera_model: pinhole
  intrinsics: [977.391, 977.687, 704.23, 342.439]
  distortion_model: equidistant
  distortion_coeffs: [-0.0261267, 0.0301764, -0.0452762, 0.0205787]
  resolution: [1280, 800]
  rostopic: /ovc/right/image_raw
