cam0:
  rectification_matrix:
  - [ 0.99998815993,  0.00377165477,  0.00307483698] 
  - [-0.00374133815,  0.99994491668, -0.00980642570] 
  - [-0.00311165406,  0.00979480559,  0.99994718830] 
  projection_matrix:
  - [934.90726769582,  0.00000000000, 678.57762526509,  0.00000000000] 
  - [ 0.00000000000, 934.90726769582, 308.45435909788,  0.00000000000] 
  - [ 0.00000000000,  0.00000000000,  1.00000000000,  0.00000000000] 
  camera_model: pinhole
  intrinsics: [985.248, 985.376, 629.687, 315.872]
  distortion_model: equidistant
  distortion_coeffs: [-0.0257494, 0.0250309, -0.0472457, 0.027058]
  resolution: [1280, 800]
  rostopic: /ovc/left/image_raw
cam1:
  T_cn_cnm1:
  - [ 0.99999487197, -0.00054105675,  0.00315646661, -0.11952464212] 
  - [ 0.00060279947,  0.99980786359, -0.01959266547, -0.00051557176] 
  - [-0.00314525940,  0.01959446771,  0.99980306270, -0.00000034815] 
  - [ 0.00000000000,  0.00000000000,  0.00000000000,  1.00000000000] 
  rectification_matrix:
  - [ 0.99999069691,  0.00431347820,  0.00000291278] 
  - [-0.00431329958,  0.99994266960,  0.00980066116] 
  - [ 0.00003936233, -0.00980058255,  0.99995197236] 
  projection_matrix:
  - [934.90726769582,  0.00000000000, 678.57762526509, -111.74549682489] 
  - [ 0.00000000000, 934.90726769582, 308.45435909788,  0.00000000000] 
  - [ 0.00000000000,  0.00000000000,  1.00000000000,  0.00000000000] 
  camera_model: pinhole
  intrinsics: [981.331, 981.541, 704.006, 342.998]
  distortion_model: equidistant
  distortion_coeffs: [-0.0264814, 0.0244921, -0.0329559, 0.0129399]
  resolution: [1280, 800]
  rostopic: /ovc/right/image_raw
