cam0:
  rectification_matrix:
  - [ 0.99998293358,  0.00353030996,  0.00465504604] 
  - [-0.00348631803,  0.99994950750, -0.00942486235] 
  - [-0.00468808368,  0.00940847253,  0.99994474973] 
  projection_matrix:
  - [932.06739686024,  0.00000000000, 677.41134155613,  0.00000000000] 
  - [ 0.00000000000, 932.06739686024, 307.95365669727,  0.00000000000] 
  - [ 0.00000000000,  0.00000000000,  1.00000000000,  0.00000000000] 
  camera_model: pinhole
  intrinsics: [983.581, 983.61, 629.767, 314.964]
  distortion_model: equidistant
  distortion_coeffs: [-0.0238233, 0.0162779, -0.0300452, 0.0178052]
  resolution: [1280, 800]
  rostopic: /ovc/left/image_raw
cam1:
  T_cn_cnm1:
  - [ 0.99998988559, -0.00046797656,  0.00447322279, -0.11959550282] 
  - [ 0.00055209605,  0.99982269011, -0.01882242105, -0.00047768638] 
  - [-0.00446362119,  0.01882470032,  0.99981283586, -0.00003074669] 
  - [ 0.00000000000,  0.00000000000,  0.00000000000,  1.00000000000] 
  rectification_matrix:
  - [ 0.99999199030,  0.00399415138,  0.00025708693] 
  - [-0.00399639521,  0.99994768051,  0.00941621276] 
  - [-0.00021946370, -0.00941716476,  0.99995563344] 
  projection_matrix:
  - [932.06739686024,  0.00000000000, 677.41134155613, -111.47196415570] 
  - [ 0.00000000000, 932.06739686024, 307.95365669727,  0.00000000000] 
  - [ 0.00000000000,  0.00000000000,  1.00000000000,  0.00000000000] 
  camera_model: pinhole
  intrinsics: [979.721, 979.768, 703.762, 342.262]
  distortion_model: equidistant
  distortion_coeffs: [-0.0257038, 0.0211338, -0.0258081, 0.00831294]
  resolution: [1280, 800]
  rostopic: /ovc/right/image_raw
