cam0:
  rectification_matrix:
  - [ 0.99998469426,  0.00393969182,  0.00388459327] 
  - [-0.00390435401,  0.99995130859, -0.00906291692] 
  - [-0.00392010923,  0.00904761138,  0.99995138555] 
  projection_matrix:
  - [933.12406184736,  0.00000000000, 678.96290421450,  0.00000000000] 
  - [ 0.00000000000, 933.12406184736, 307.35434431088,  0.00000000000] 
  - [ 0.00000000000,  0.00000000000,  1.00000000000,  0.00000000000] 
  camera_model: pinhole
  intrinsics: [983.581, 983.61, 629.767, 314.964]
  distortion_model: equidistant
  distortion_coeffs: [-0.0238233, 0.0162779, -0.0300452, 0.0178052]
  resolution: [1280, 800]
  rostopic: /ovc/left/image_raw
cam1:
  T_cn_cnm1:
  - [ 0.99998526737, -0.00041921939,  0.00541195969, -0.11931042311] 
  - [ 0.00051709875,  0.99983610144, -0.01809704051, -0.00052328169] 
  - [-0.00540348605,  0.01809957241,  0.99982158799,  0.00017278679] 
  - [ 0.00000000000,  0.00000000000,  0.00000000000,  1.00000000000] 
  rectification_matrix:
  - [ 0.99998933352,  0.00438583732, -0.00144819660] 
  - [-0.00437254362,  0.99994941104,  0.00905848912] 
  - [ 0.00148785240, -0.00905206019,  0.99995792237] 
  projection_matrix:
  - [933.12406184736,  0.00000000000, 678.96290421450, -111.33261474025] 
  - [ 0.00000000000, 933.12406184736, 307.35434431088,  0.00000000000] 
  - [ 0.00000000000,  0.00000000000,  1.00000000000,  0.00000000000] 
  camera_model: pinhole
  intrinsics: [979.721, 979.768, 703.762, 342.262]
  distortion_model: equidistant
  distortion_coeffs: [-0.0257038, 0.0211338, -0.0258081, 0.00831294]
  resolution: [1280, 800]
  rostopic: /ovc/right/image_raw
