cam0:
  rectification_matrix:
  - [ 0.99999425484,  0.00312454538,  0.00131434355] 
  - [-0.00311116152,  0.99994451062, -0.01006460901] 
  - [-0.00134571795,  0.01006046205,  0.99994848675] 
  projection_matrix:
  - [932.79209400741,  0.00000000000, 680.37636277046,  0.00000000000] 
  - [ 0.00000000000, 932.79209400741, 308.84102007889,  0.00000000000] 
  - [ 0.00000000000,  0.00000000000,  1.00000000000,  0.00000000000] 
  camera_model: pinhole
  intrinsics: [983.498, 983.375, 629.801, 316.106]
  distortion_model: equidistant
  distortion_coeffs: [-0.0240115, 0.0177903, -0.0273643, 0.00903222]
  resolution: [1280, 800]
  rostopic: /ovc/left/image_raw
cam1:
  T_cn_cnm1:
  - [ 0.99999883976, -0.00057790614,  0.00140943698, -0.11960406665] 
  - [ 0.00060614917,  0.99979736633, -0.02012110471, -0.00044297008] 
  - [-0.00139752327,  0.02012193569,  0.99979655662,  0.00000245994] 
  - [ 0.00000000000,  0.00000000000,  0.00000000000,  1.00000000000] 
  rectification_matrix:
  - [ 0.99999314139,  0.00370361188, -0.00002056721] 
  - [-0.00370321742,  0.99994251343,  0.01006260532] 
  - [ 0.00005783401, -0.01006246014,  0.99994937049] 
  projection_matrix:
  - [932.79209400741,  0.00000000000, 680.37636277046, -111.56649237983] 
  - [ 0.00000000000, 932.79209400741, 308.84102007889,  0.00000000000] 
  - [ 0.00000000000,  0.00000000000,  1.00000000000,  0.00000000000] 
  camera_model: pinhole
  intrinsics: [979.902, 979.849, 704.46, 343.441]
  distortion_model: equidistant
  distortion_coeffs: [-0.025915, 0.0236051, -0.0289465, 0.00835323]
  resolution: [1280, 800]
  rostopic: /ovc/right/image_raw
