cam0:
  rectification_matrix:
  - [ 0.99999276570,  0.00292588627,  0.00243058547] 
  - [-0.00290124053,  0.99994496433, -0.01008221795] 
  - [-0.00245995112,  0.01007509330,  0.99994621912] 
  projection_matrix:
  - [923.63497359000,  0.00000000000, 680.08162772589,  0.00000000000] 
  - [ 0.00000000000, 923.63497359000, 308.51878509077,  0.00000000000] 
  - [ 0.00000000000,  0.00000000000,  1.00000000000,  0.00000000000] 
  camera_model: pinhole
  intrinsics: [973.917, 974.964, 630.255, 315.719]
  distortion_model: equidistant
  distortion_coeffs: [-0.0241637, 0.0359344, -0.0638013, 0.0370565]
  resolution: [1280, 800]
  rostopic: /ovc/left/image_raw
cam1:
  T_cn_cnm1:
  - [ 0.99999767469, -0.00031031602,  0.00213408308, -0.11963814186] 
  - [ 0.00035326087,  0.99979685573, -0.02015248066, -0.00038638155] 
  - [-0.00212739592,  0.02015318769,  0.99979464052, -0.00004326997] 
  - [ 0.00000000000,  0.00000000000,  0.00000000000,  1.00000000000] 
  rectification_matrix:
  - [ 0.99999471953,  0.00322956788,  0.00036167176] 
  - [-0.00323304903,  0.99994398805,  0.01007810251] 
  - [-0.00032910359, -0.01007921859,  0.99994914923] 
  projection_matrix:
  - [923.63497359000,  0.00000000000, 680.08162772589, -110.50255837528] 
  - [ 0.00000000000, 923.63497359000, 308.51878509077,  0.00000000000] 
  - [ 0.00000000000,  0.00000000000,  1.00000000000,  0.00000000000] 
  camera_model: pinhole
  intrinsics: [970.139, 970.268, 704.737, 343.603]
  distortion_model: equidistant
  distortion_coeffs: [-0.0201313, 0.0139146, -0.0100887, -0.00381212]
  resolution: [1280, 800]
  rostopic: /ovc/right/image_raw
