cam0:
  rectification_matrix:
  - [ 0.99999323176,  0.00367625377,  0.00014691014] 
  - [-0.00367460524,  0.99994348325, -0.00997635077] 
  - [-0.00018357743,  0.00997574341,  0.99995022418] 
  projection_matrix:
  - [933.25284292703,  0.00000000000, 681.05855400562,  0.00000000000] 
  - [ 0.00000000000, 933.25284292703, 307.84776171205,  0.00000000000] 
  - [ 0.00000000000,  0.00000000000,  1.00000000000,  0.00000000000] 
  camera_model: pinhole
  intrinsics: [984.153, 984.079, 629.354, 315.27]
  distortion_model: equidistant
  distortion_coeffs: [-0.0262751, 0.0254387, -0.0418179, 0.0214617]
  resolution: [1280, 800]
  rostopic: /ovc/left/image_raw
cam1:
  T_cn_cnm1:
  - [ 0.99999946272, -0.00048566195,  0.00091580287, -0.11955640620] 
  - [ 0.00050383506,  0.99980086748, -0.01994922397, -0.00049932255] 
  - [-0.00090593192,  0.01994967467,  0.99980057500,  0.00008198114] 
  - [ 0.00000000000,  0.00000000000,  0.00000000000,  1.00000000000] 
  rectification_matrix:
  - [ 0.99999104361,  0.00417642262, -0.00068570490] 
  - [-0.00416937414,  0.99994153104,  0.00997751580] 
  - [ 0.00072733513, -0.00997456747,  0.99994998824] 
  projection_matrix:
  - [933.25284292703,  0.00000000000, 681.05855400562, -111.57735386009] 
  - [ 0.00000000000, 933.25284292703, 307.84776171205,  0.00000000000] 
  - [ 0.00000000000,  0.00000000000,  1.00000000000,  0.00000000000] 
  camera_model: pinhole
  intrinsics: [980.675, 980.574, 704.218, 342.653]
  distortion_model: equidistant
  distortion_coeffs: [-0.0276364, 0.0245828, -0.0273305, 0.00824616]
  resolution: [1280, 800]
  rostopic: /ovc/right/image_raw
