cam0:
  rectification_matrix:
  - [ 0.99998903704,  0.00384422525,  0.00267352348] 
  - [-0.00381849056,  0.99994696208, -0.00956515274] 
  - [-0.00271015228,  0.00955483906,  0.99995067885] 
  projection_matrix:
  - [933.11940255256,  0.00000000000, 678.56479023682,  0.00000000000] 
  - [ 0.00000000000, 933.11940255256, 307.12951278890,  0.00000000000] 
  - [ 0.00000000000,  0.00000000000,  1.00000000000,  0.00000000000] 
  camera_model: pinhole
  intrinsics: [983.611, 983.603, 629.879, 314.758]
  distortion_model: equidistant
  distortion_coeffs: [-0.0255746, 0.0265001, -0.0474584, 0.0251203]
  resolution: [1280, 800]
  rostopic: /ovc/left/image_raw
cam1:
  T_cn_cnm1:
  - [ 0.99999940256, -0.00047946144,  0.00098234462, -0.11961549734] 
  - [ 0.00049815300,  0.99981713990, -0.01911644845, -0.00051322319] 
  - [-0.00097299939,  0.01911692638,  0.99981678141, -0.00021214451] 
  - [ 0.00000000000,  0.00000000000,  0.00000000000,  1.00000000000] 
  rectification_matrix:
  - [ 0.99998922277,  0.00429056154,  0.00177353467] 
  - [-0.00430732055,  0.99994506124,  0.00955622825] 
  - [-0.00173243565, -0.00956376444,  0.99995276542] 
  projection_matrix:
  - [933.11940255256,  0.00000000000, 678.56479023682, -111.61674234094] 
  - [ 0.00000000000, 933.11940255256, 307.12951278890,  0.00000000000] 
  - [ 0.00000000000,  0.00000000000,  1.00000000000,  0.00000000000] 
  camera_model: pinhole
  intrinsics: [979.903, 979.93, 705.032, 342.166]
  distortion_model: equidistant
  distortion_coeffs: [-0.0270705, 0.0248084, -0.0276992, 0.00759007]
  resolution: [1280, 800]
  rostopic: /ovc/right/image_raw
