cam0:
  rectification_matrix:
  - [ 0.99999346956,  0.00321211710, -0.00165624433] 
  - [-0.00322804497,  0.99994768932, -0.00970558346] 
  - [ 0.00162498222,  0.00971086651,  0.99995152808] 
  projection_matrix:
  - [927.59177547480,  0.00000000000, 684.24800905365,  0.00000000000] 
  - [ 0.00000000000, 927.59177547480, 308.33451036356,  0.00000000000] 
  - [ 0.00000000000,  0.00000000000,  1.00000000000,  0.00000000000] 
  camera_model: pinhole
  intrinsics: [976.864, 977.026, 629.238, 316.305]
  distortion_model: equidistant
  distortion_coeffs: [-0.023609, 0.0207897, -0.0254285, 0.000810778]
  resolution: [1280, 800]
  rostopic: /ovc/left/image_raw
cam1:
  T_cn_cnm1:
  - [ 0.99999904817, -0.00048981081,  0.00128986403, -0.11945794601] 
  - [ 0.00051475984,  0.99981140556, -0.01941361220, -0.00044897834] 
  - [-0.00128011178,  0.01941425769,  0.99981070604,  0.00034328695] 
  - [ 0.00000000000,  0.00000000000,  0.00000000000,  1.00000000000] 
  rectification_matrix:
  - [ 0.99998880807,  0.00375842147, -0.00287367335] 
  - [-0.00373034596,  0.99994586351,  0.00971362793] 
  - [ 0.00291002569, -0.00970279942,  0.99994869240] 
  projection_matrix:
  - [927.59177547480,  0.00000000000, 684.24800905365, -110.80944767961] 
  - [ 0.00000000000, 927.59177547480, 308.33451036356,  0.00000000000] 
  - [ 0.00000000000,  0.00000000000,  1.00000000000,  0.00000000000] 
  camera_model: pinhole
  intrinsics: [973.536, 973.761, 704.211, 343.241]
  distortion_model: equidistant
  distortion_coeffs: [-0.0205102, -5.56243e-05, 0.0199542, -0.0275544]
  resolution: [1280, 800]
  rostopic: /ovc/right/image_raw
