cam0:
  T_cam_imu:
  - [-0.9999137072074199, 0.006690237128340227, 0.011305700592285015, 0.0915389376832584]
  - [0.006733969343868022, 0.9999699745839415, 0.003834525716243826, 0.012588946953905073]
  - [-0.011279707247604503, 0.0039103270655109455, -0.9999287362340631, 0.01285669899290589]
  - [0.0, 0.0, 0.0, 1.0]
  camera_model: pinhole
  distortion_coeffs: [-0.0964802, 0.00443556, 0.00765515, -0.0180741]
  distortion_model: equidistant
  intrinsics: [1067.96, 1068.1, 641.371, 343.293]
  projection_matrix:
  - [1016.28949887392, 0.0, 652.56153679049, 0.0]
  - [0.0, 1016.28949887392, 329.65089242489, 0.0]
  - [0.0, 0.0, 1.0, 0.0]
  rectification_matrix:
  - [0.99998513429, -0.00072231833, 0.0054045769]
  - [0.00071000439, 0.99999714874, 0.00228000146]
  - [-0.00540620838, -0.00227613029, 0.99998279592]
  resolution: [1280, 800]
  rostopic: /ovc/left/image_raw
  timeshift_cam_imu: -0.007523353197026518
cam1:
  T_cam_imu:
  - [-0.9999051780475233, 0.0067928651175926166, 0.01197881034345784, -0.02830827589400027]
  - [0.00678469571913864, 0.9999767226823967, -0.0007224938555750903, 0.012733897851755813]
  - [-0.01198343931219418, -0.0006411527640394202, -0.999927990460005, 0.012132069584229896]
  - [0.0, 0.0, 0.0, 1.0]
  T_cn_cnm1:
  - [0.9999997681605137, 0.00010526339955647, -0.0006727566802607285, -0.11983986808]
  - [-0.00010219715044353003, 0.9999896154784678, 0.004556149030058893, 9.585961e-05]
  - [0.0006732292897392713, -0.004556079219941109, 0.9999893943975008, -0.00072876351]
  - [0.0, 0.0, 0.0, 1.0]
  camera_model: pinhole
  distortion_coeffs: [-0.0963886, -0.00104029, 0.0133809, -0.017335]
  distortion_model: equidistant
  intrinsics: [1064.59, 1064.79, 664.657, 350.615]
  projection_matrix:
  - [1016.28949887392, 0.0, 652.56153679049, -121.79429175304]
  - [0.0, 1016.28949887392, 329.65089242489, 0.0]
  - [0.0, 0.0, 1.0, 0.0]
  rectification_matrix:
  - [0.99998119046, -0.00079988241, 0.00608102979]
  - [0.00081373344, 0.99999707971, -0.00227561086]
  - [-0.00607919181, 0.0022805164, 0.99997892111]
  resolution: [1280, 800]
  rostopic: /ovc/right/image_raw
  timeshift_cam_imu: 0.010700593125324207
