cam0:
  T_cam_imu:
  - [-0.9999212492071005, 0.00680517631713768, 0.010544427884166012, 0.09261235025894468]
  - [0.00689174972989118, 0.9999426640263457, 0.00819587979141201, 0.008663025141872296]
  - [-0.01048804890207202, 0.008267903917402486, -0.999910817320745, 0.024776482441545542]
  - [0.0, 0.0, 0.0, 1.0]
  cam_overlaps: [1]
  camera_model: pinhole
  distortion_coeffs: [-0.39654918708083786, 0.1558790317565405, -0.0010594148000153032,
    0.00025709826301464087]
  distortion_model: radtan
  intrinsics: [1073.6761539395402, 1073.8330237715743, 639.8740708893763, 350.2857551988687]
  resolution: [1280, 800]
  rostopic: /ovc/left/image_raw
  timeshift_cam_imu: -0.007539580622859593
cam1:
  T_cam_imu:
  - [-0.999936400001467, 0.006703529991125094, 0.009069654776456932, -0.027231538603215463]
  - [0.006732363577036107, 0.9999723686349384, 0.003152339971747534, 0.008850237829494482]
  - [-0.00904827236397199, 0.003213199696403266, -0.9999539009949101, 0.024476302894473754]
  - [0.0, 0.0, 0.0, 1.0]
  T_cn_cnm1:
  - [0.9999989072413779, -0.00011383197661488927, 0.0014739600837072294, -0.11987932107607416]
  - [0.00010639450425869052, 0.9999872682098875, 0.0050450072678856275, 5.2472004355748504e-05]
  - [-0.0014745156007061515, -0.005044844933658041, 0.9999861875762763, -0.000119575350025956]
  - [0.0, 0.0, 0.0, 1.0]
  cam_overlaps: [0]
  camera_model: pinhole
  distortion_coeffs: [-0.3966983368290133, 0.15458308333712786, -0.0009595676428343468,
    0.0005824619005361072]
  distortion_model: radtan
  intrinsics: [1070.4739652775727, 1070.8246115855497, 660.8552697003395, 357.0592968241504]
  resolution: [1280, 800]
  rostopic: /ovc/right/image_raw
  timeshift_cam_imu: 0.010699233112411399
