T_imu_body: [1.0, 0.0, 0.0, 0.0, 0.0, 1.0, 0.0, 0.0, 0.0, 0.0, 1.0, 0.0, 0.0, 0.0,
  0.0, 1.0]
cam0:
  T_cam_imu: [-0.99991370721,  0.00669023713,  0.01130570059,  0.09153893768,
   0.00673396934,  0.99996997458,  0.00383452572,  0.01258894695,
  -0.01127970725,  0.00391032707, -0.99992873623,  0.01285669899,
   0.00000000000,  0.00000000000,  0.00000000000,  1.00000000000]
  camera_model: pinhole
  intrinsics: [1064.24, 1064.45, 642.115, 343.519]
  distortion_model: equidistant
  distortion_coeffs: [-0.0958773, 0.0214831, -0.04858, 0.0374541]
  resolution: [1280, 800]
  rostopic: /ovc/left/image_raw
cam1:
  T_cam_imu: [-0.99990916948,  0.00683919491,  0.01161370722, -0.02806080568,
  0.00682247088,  0.99997563288, -0.00147903400,  0.01276787231,
  -0.01162353963, -0.00139966548, -0.99993146478,  0.01218006200,
  0.00000000000,  0.00000000000,  0.00000000000,  1.00000000000]
  T_cn_cnm1: [ 0.99999994146,  0.00015016493, -0.00030745339, -0.11959767559,
  -0.00014852956,  0.99998587911,  0.00531220491,  0.00012440195,
  0.00030824676, -0.00531215893,  0.99998584288, -0.00063779707,
  0.00000000000,  0.00000000000,  0.00000000000,  1.00000000000] 
  camera_model: pinhole
  intrinsics: [1060.88, 1061.18, 663.727, 350.506]
  distortion_model: equidistant
  distortion_coeffs: [-0.094406, 0.00757889, -0.0238515, 0.0216198]
  resolution: [1280, 800]
  rostopic: /ovc/right/image_raw
