T_imu_body: [1.0, 0.0, 0.0, 0.0, 0.0, 1.0, 0.0, 0.0, 0.0, 0.0, 1.0, 0.0, 0.0, 0.0,
  0.0, 1.0]
cam0:
  T_cam_imu: [-0.99991370721,  0.00669023713,  0.01130570059,  0.09153893768,
  0.00673396934,  0.99996997458,  0.00383452572,  0.01258894695, 
  -0.01127970725,  0.00391032707, -0.99992873623,  0.01285669899, 
  0.00000000000,  0.00000000000,  0.00000000000,  1.00000000000] 
  camera_model: pinhole
  intrinsics: [1065.33, 1065.34, 641.541, 343.254]
  distortion_model: equidistant
  distortion_coeffs: [-0.0939543, -0.000295917, 0.0137482, -0.0215914]
  resolution: [1280, 800]
  rostopic: /ovc/left/image_raw
cam1:
  T_cam_imu: [-0.99989162305,  0.00684496103,  0.01303413488, -0.02844679190,
  0.00682980510,  0.99997594823, -0.00120694513,  0.01277009414,
  -0.01304208288, -0.00111779372, -0.99991432364,  0.01220557040,
  0.00000000000,  0.00000000000,  0.00000000000,  1.00000000000] 
  T_cn_cnm1: [0.99999849404,  0.00016149570, -0.00172795520, -0.11996540899, 
  -0.00015278488,  0.99998728718,  0.00504005393,  0.00013049454, 
  0.00172874718, -0.00503978234,  0.99998580591, -0.00074574823, 
  0.00000000000,  0.00000000000,  0.00000000000,  1.00000000000] 
  camera_model: pinhole
  intrinsics: [1062.09, 1062.23, 664.454, 350.201]
  distortion_model: equidistant
  distortion_coeffs: [-0.0950587, -0.000210299, 0.0116423, -0.0183844]
  resolution: [1280, 800]
  rostopic: /ovc/right/image_raw
