T_imu_body: [1.0, 0.0, 0.0, 0.0, 0.0, 1.0, 0.0, 0.0, 0.0, 0.0, 1.0, 0.0, 0.0, 0.0,
  0.0, 1.0]
cam0:
  T_cam_imu:     [-0.99996189556,  0.00177716736,  0.00854687716,  0.09476019745,
  0.00181086972,  0.99999060989,  0.00393711635,  0.01366540475,
  -0.00853979999,  0.00395244361, -0.99995572402, -0.01276210826,
  0.00000000000,  0.00000000000,  0.00000000000,  1.00000000000] 
  camera_model: pinhole
  intrinsics: [1059.63, 1059.05, 648.721, 341.045]
  distortion_model: equidistant
  distortion_coeffs: [-0.0925245, 0.0184437, -0.0400465, 0.0295991]
  resolution: [1280, 800]
  rostopic: /ovc/left/image_raw
cam1:
  T_cn_cnm1: [ 0.99999012588,  0.00049169987,  0.00441660250, -0.11968578698,
   -0.00051079351,  0.99999052506,  0.00432306421,  0.00010922537,
   -0.00441443500, -0.00432527750,  0.99998090219, -0.00034132932,
    0.00000000000,  0.00000000000,  0.00000000000,  1.00000000000] 
  camera_model: pinhole
  intrinsics: [1057.24, 1056.92, 666.184, 350.448]
  distortion_model: equidistant
  distortion_coeffs: [-0.0876311, -0.0167151, 0.0397681, -0.0363179]
  resolution: [1280, 800]
  rostopic: /ovc/right/image_raw
