T_imu_body: [1.0, 0.0, 0.0, 0.0, 0.0, 1.0, 0.0, 0.0, 0.0, 0.0, 1.0, 0.0, 0.0, 0.0,
  0.0, 1.0]
cam0:
  T_cam_imu:     [-0.99996189556,  0.00177716736,  0.00854687716,  0.09476019745,
  0.00181086972,  0.99999060989,  0.00393711635,  0.01366540475,
  -0.00853979999,  0.00395244361, -0.99995572402, -0.01276210826,
  0.00000000000,  0.00000000000,  0.00000000000,  1.00000000000] 
  camera_model: pinhole
  intrinsics: [1067.64, 1068.15, 646.612, 342.933]
  distortion_model: equidistant
  distortion_coeffs: [-0.0991036, 0.0215236, -0.0364127, 0.0213517]
  resolution: [1280, 800]
  rostopic: /ovc/left/image_raw
cam1:
  T_cn_cnm1: [ 0.99999135909,  0.00022518499,  0.00415102749, -0.11986163619, 
  -0.00024325219,  0.99999049836,  0.00435247360,  0.00010512119, 
  -0.00415000794, -0.00435344574,  0.99998191231, -0.00043934043, 
  0.00000000000,  0.00000000000,  0.00000000000,  1.00000000000] 
  camera_model: pinhole
  intrinsics: [1065.18, 1065.9, 667.7, 352.104]
  distortion_model: equidistant
  distortion_coeffs: [-0.094671, -0.00877974, 0.0301354, -0.0304352]
  resolution: [1280, 800]
  rostopic: /ovc/right/image_raw
