T_imu_body: [1.0, 0.0, 0.0, 0.0, 0.0, 1.0, 0.0, 0.0, 0.0, 0.0, 1.0, 0.0, 0.0, 0.0,
  0.0, 1.0]
cam0:
  T_cam_imu: [-0.99991370721,  0.00669023713,  0.01130570059,  0.09153893768,
  0.00673396934,  0.99996997458,  0.00383452572,  0.01258894695,
  -0.01127970725,  0.00391032707, -0.99992873623,  0.01285669899,
   0.00000000000,  0.00000000000,  0.00000000000,  1.00000000000]
  camera_model: pinhole
  intrinsics: [1063.97, 1064.26, 641.312, 341.481]
  distortion_model: equidistant
  distortion_coeffs: [-0.0904804, -0.00497278, 0.0106692, -0.00882522]
  resolution: [1280, 800]
  rostopic: /ovc/left/image_raw
cam1:
  T_cn_cnm1: [0.99999950326,  0.00030384928,  0.00094929316, -0.11979577125,
  -0.00030883377,  0.99998614464,  0.00525501140,  0.00007593998,
  -0.00094768328, -0.00525530196,  0.99998574175, -0.00075867586,
   0.00000000000,  0.00000000000,  0.00000000000,  1.00000000000] 
  camera_model: pinhole
  intrinsics: [1060.5, 1060.97, 664.056, 348.578]
  distortion_model: equidistant
  distortion_coeffs: [-0.0900915, -0.0166727, 0.0390428, -0.0319602]
  resolution: [1280, 800]
  rostopic: /ovc/right/image_raw
