T_imu_body: [1.0, 0.0, 0.0, 0.0, 0.0, 1.0, 0.0, 0.0, 0.0, 0.0, 1.0, 0.0, 0.0, 0.0,
  0.0, 1.0]
cam0:
  T_cam_imu: [-0.99991370721,  0.00669023713,  0.01130570059,  0.09153893768,
      0.00673396934,  0.99996997458,  0.00383452572,  0.01258894695, 
      -0.01127970725,  0.00391032707, -0.99992873623,  0.01285669899, 
      0.00000000000,  0.00000000000,  0.00000000000,  1.00000000000] 
  camera_model: pinhole
  intrinsics: [1061.45, 1061.82, 641.399, 343.129]
  distortion_model: equidistant
  distortion_coeffs: [-0.093634, 0.0159355, -0.0373777, 0.0261334]
  resolution: [1280, 800]
  rostopic: /ovc/left/image_raw
cam1:
  T_cam_imu: [-0.99992643174,  0.00688800145,  0.00998431473, -0.02815204264,
   0.00687606248,  0.99997560362, -0.00122960681,  0.01276297533,
  -0.00999254068, -0.00116086358, -0.99994939948,  0.01220286056,
   0.00000000000,  0.00000000000,  0.00000000000,  1.00000000000] 
  T_cn_cnm1: [ 0.99999910733,  0.00019260581,  0.00132220855, -0.11971032255,
  -0.00019929679,  0.99998716717,  0.00506219088,  0.00012735028,
  -0.00132121657, -0.00506244987,  0.99998631290, -0.00046898879,
   0.00000000000,  0.00000000000,  0.00000000000,  1.00000000000] 
  camera_model: pinhole
  intrinsics: [1058.13, 1058.67, 663.729, 350.317]
  distortion_model: equidistant
  distortion_coeffs: [-0.0907823, -0.0118504, 0.0308933, -0.0291141]
  resolution: [1280, 800]
  rostopic: /ovc/right/image_raw
