T_imu_body: [1.0, 0.0, 0.0, 0.0, 0.0, 1.0, 0.0, 0.0, 0.0, 0.0, 1.0, 0.0, 0.0, 0.0,
  0.0, 1.0]
cam0:
  T_cam_imu: [-0.9999954561114343, -0.0029608264836732756, 0.0005668006857272063,
    0.05447527750558458, 0.0029676352527376586, -0.9999185346125156, 0.012414398066985653,
    0.004087372547213922, 0.0005299976325141237, 0.01241602371504047, 0.99992277774717,
    -0.02583312708613493, 0.0, 0.0, 0.0, 1.0]
  camera_model: pinhole
  intrinsics: [976.864, 977.026, 629.238, 316.305]
  distortion_model: equidistant
  distortion_coeffs: [-0.023609, 0.0207897, -0.0254285, 0.000810778]
  resolution: [1280, 800]
  rostopic: /ovc/left/image_raw
cam1:
  T_cn_cnm1:
    [ 0.99999904817, -0.00048981081,  0.00128986403, -0.11945794601,
  0.00051475984,  0.99981140556, -0.01941361220, -0.00044897834,
  -0.00128011178,  0.01941425769,  0.99981070604,  0.00034328695, 
   0.00000000000,  0.00000000000,  0.00000000000,  1.00000000000] 
  camera_model: pinhole
  intrinsics: [973.536, 973.761, 704.211, 343.241]
  distortion_model: equidistant
  distortion_coeffs: [-0.0205102, -5.56243e-05, 0.0199542, -0.0275544]
  resolution: [1280, 800]
  rostopic: /ovc/right/image_raw
