# The modifications of the output file from Kalibr:
# 1. For each matrix (e.g. cam0/T_cam_imu), remove the brackets and minus sign for each line. Use one pair of brackets for each matrix.
# 2. Add the T_imu_body at the end of the calibration file (usually set to identity).
T_imu_body: [1.0, 0.0, 0.0, 0.0, 0.0, 1.0, 0.0, 0.0, 0.0, 0.0, 1.0, 0.0, 0.0, 0.0,
  0.0, 1.0]
cam0:
    T_cam_imu: [-0.9999137072074199, 0.006690237128340227, 0.011305700592285015, 0.0915389376832584, 
    0.006733969343868022, 0.9999699745839415, 0.003834525716243826, 0.012588946953905073, 
    -0.011279707247604503, 0.0039103270655109455, -0.9999287362340631, 0.01285669899290589, 
    0.0, 0.0, 0.0, 1.0]
    camera_model: pinhole
    intrinsics: [1067.96, 1068.1, 641.371, 343.293]
    distortion_model: equidistant
    distortion_coeffs: [-0.0964802, 0.00443556, 0.00765515, -0.0180741]
    resolution: [1280, 800]
    rostopic: /ovc/left/image_raw
cam1:
    camera_model: pinhole
    intrinsics: [1064.59, 1064.79, 664.657, 350.615]
    distortion_model: equidistant
    distortion_coeffs: [-0.0963886, -0.00104029, 0.0133809, -0.017335]
    resolution: [1280, 800]
    rostopic: /ovc/right/image_raw
    T_cn_cnm1: [0.99999976816,  0.00010526340, -0.00067275668, -0.11983986808,
    -0.00010219715,  0.99998961548,  0.00455614903,  0.00009585961,
    0.00067322929, -0.00455607922,  0.99998939440, -0.00072876351,
    0.00000000000,  0.00000000000,  0.00000000000,  1.00000000000] 
