T_imu_body: [1.0, 0.0, 0.0, 0.0, 0.0, 1.0, 0.0, 0.0, 0.0, 0.0, 1.0, 0.0, 0.0, 0.0,
  0.0, 1.0]
cam0:
  T_cam_imu: [-0.99991370721,  0.00669023713,  0.01130570059,  0.09153893768,
   0.00673396934,  0.99996997458,  0.00383452572,  0.01258894695,
  -0.01127970725,  0.00391032707, -0.99992873623,  0.01285669899,
   0.00000000000,  0.00000000000,  0.00000000000,  1.00000000000] 
  camera_model: pinhole
  intrinsics: [1066.28, 1065.74, 641.097, 344.162]
  distortion_model: equidistant
  distortion_coeffs: [-0.0967708, 0.0185451, -0.0365978, 0.0256433]
  resolution: [1280, 800]
  rostopic: /ovc/left/image_raw
cam1:
  T_cn_cnm1: [ 0.99999845436,  0.00017310148, -0.00174966332, -0.11980029725, 
  -0.00015992785,  0.99997166213,  0.00752657632,  0.00015731135, 
  0.00175091660, -0.00752628486,  0.99997014422, -0.00079146862, 
  0.00000000000,  0.00000000000,  0.00000000000,  1.00000000000] 
  camera_model: pinhole
  intrinsics: [1062.71, 1062.23, 664.464, 350.129]
  distortion_model: equidistant
  distortion_coeffs: [-0.0952588, 0.00213908, 0.0014077, -0.00558521]
  resolution: [1280, 800]
  rostopic: /ovc/right/image_raw
