T_imu_body: [1.0, 0.0, 0.0, 0.0, 0.0, 1.0, 0.0, 0.0, 0.0, 0.0, 1.0, 0.0, 0.0, 0.0,
  0.0, 1.0]
cam0:
  T_cam_imu: [-0.99991370721,  0.00669023713,  0.01130570059,  0.09153893768,
   0.00673396934,  0.99996997458,  0.00383452572,  0.01258894695,
  -0.01127970725,  0.00391032707, -0.99992873623,  0.01285669899,
   0.00000000000,  0.00000000000,  0.00000000000,  1.00000000000] 
  camera_model: pinhole
  intrinsics: [1063.13, 1063.38, 641.528, 343.532]
  distortion_model: equidistant
  distortion_coeffs: [-0.094258, 0.00804831, -0.0062071, -0.00593354]
  resolution: [1280, 800]
  rostopic: /ovc/left/image_raw
cam1:
  T_cam_imu: [-0.99989829029,  0.00685409022,  0.01250721895, -0.02813755750,
   0.00683451884,  0.99997535334, -0.00160687930,  0.01275717029,
  -0.01251792439, -0.00152123504, -0.99992049055,  0.01227180030,
   0.00000000000,  0.00000000000,  0.00000000000,  1.00000000000] 
  T_cn_cnm1: [ 0.99999926463,  0.00016855924, -0.00120096591, -0.11966310939,
  -0.00016202373,  0.99998519049,  0.00543990410,  0.00011330204,
   0.00120186507, -0.00543970552,  0.99998448244, -0.00062623648,
   0.00000000000,  0.00000000000,  0.00000000000,  1.00000000000] 
  camera_model: pinhole
  intrinsics: [1059.83, 1060.22, 664.018, 350.505]
  distortion_model: equidistant
  distortion_coeffs: [-0.0926491, -0.00597079, 0.0166463, -0.0170681]
  resolution: [1280, 800]
  rostopic: /ovc/right/image_raw
