T_imu_body: [1.0, 0.0, 0.0, 0.0, 0.0, 1.0, 0.0, 0.0, 0.0, 0.0, 1.0, 0.0, 0.0, 0.0,
  0.0, 1.0]
cam0:
  T_cam_imu: [-0.9999954561114343, -0.0029608264836732756, 0.0005668006857272063,
    0.05447527750558458, 0.0029676352527376586, -0.9999185346125156, 0.012414398066985653,
    0.004087372547213922, 0.0005299976325141237, 0.01241602371504047, 0.99992277774717,
    -0.02583312708613493, 0.0, 0.0, 0.0, 1.0]
  camera_model: pinhole
  intrinsics: [973.917, 974.964, 630.255, 315.719]
  distortion_model: equidistant
  distortion_coeffs: [-0.0241637, 0.0359344, -0.0638013, 0.0370565]
  resolution: [1280, 800]
  rostopic: /ovc/left/image_raw
cam1:
  T_cn_cnm1:
   [ 0.99999767469, -0.00031031602,  0.00213408308, -0.11963814186,
    0.00035326087,  0.99979685573, -0.02015248066, -0.00038638155,
   -0.00212739592,  0.02015318769,  0.99979464052, -0.00004326997, 
    0.00000000000,  0.00000000000,  0.00000000000,  1.00000000000] 
  camera_model: pinhole
  intrinsics: [970.139, 970.268, 704.737, 343.603]
  distortion_model: equidistant
  distortion_coeffs: [-0.0201313, 0.0139146, -0.0100887, -0.00381212]
  resolution: [1280, 800]
  rostopic: /ovc/right/image_raw
