T_imu_body: [1.0, 0.0, 0.0, 0.0, 0.0, 1.0, 0.0, 0.0, 0.0, 0.0, 1.0, 0.0, 0.0, 0.0,
  0.0, 1.0]
cam0:
  T_cam_imu:     [-0.99996189556,  0.00177716736,  0.00854687716,  0.09476019745,
  0.00181086972,  0.99999060989,  0.00393711635,  0.01366540475,
  -0.00853979999,  0.00395244361, -0.99995572402, -0.01276210826,
  0.00000000000,  0.00000000000,  0.00000000000,  1.00000000000] 
  camera_model: pinhole
  intrinsics: [1058.86, 1058.92, 647.755, 343.365]
  distortion_model: equidistant
  distortion_coeffs: [-0.0912233, 0.0119477, -0.0337113, 0.028047]
  resolution: [1280, 800]
  rostopic: /ovc/left/image_raw
cam1:
  T_cn_cnm1: [ 0.99999360998,  0.00014696882,  0.00357189117, -0.11981630817, 
  -0.00016134033,  0.99999189249,  0.00402354537,  0.00009284540, 
  -0.00357127088, -0.00402409595,  0.99998552623, -0.00051085994, 
   0.00000000000,  0.00000000000,  0.00000000000,  1.00000000000] 
  camera_model: pinhole
  intrinsics: [1056.57, 1056.83, 666.968, 352.83]
  distortion_model: equidistant
  distortion_coeffs: [-0.091001, 0.00285938, -0.00465084, -0.000766508]
  resolution: [1280, 800]
  rostopic: /ovc/right/image_ra
