T_imu_body: [1.0, 0.0, 0.0, 0.0, 0.0, 1.0, 0.0, 0.0, 0.0, 0.0, 1.0, 0.0, 0.0, 0.0,
  0.0, 1.0]
cam0:
  T_cam_imu: [-0.99991370721,  0.00669023713,  0.01130570059,  0.09153893768,
   0.00673396934,  0.99996997458,  0.00383452572,  0.01258894695,
  -0.01127970725,  0.00391032707, -0.99992873623,  0.01285669899,
   0.00000000000,  0.00000000000,  0.00000000000,  1.00000000000] 
  camera_model: pinhole
  intrinsics: [1063, 1063.07, 641.153, 343.116]
  distortion_model: equidistant
  distortion_coeffs: [-0.0951576, 0.0218768, -0.0483558, 0.0353452]
  resolution: [1280, 800]
  rostopic: /ovc/left/image_raw
cam1:
  T_cn_cnm1: [ 0.99999901630,  0.00029946599, -0.00137029672, -0.11980311456, 
  -0.00028858470,  0.99996848250,  0.00793414954,  0.00016223792, 
   0.00137262954, -0.00793374629,  0.99996758525, -0.00063084575, 
   0.00000000000,  0.00000000000,  0.00000000000,  1.00000000000] 
  camera_model: pinhole
  intrinsics: [1059.44, 1059.61, 663.712, 349.784]
  distortion_model: equidistant
  distortion_coeffs: [-0.0931363, 0.00553469, -0.0165573, 0.0130153]
  resolution: [1280, 800]
  rostopic: /ovc/right/image_raw
