cam0:
  T_cam_imu:
  - [-0.99991370721,  0.00669023713,  0.01130570059,  0.09153893768] 
  - [ 0.00673396934,  0.99996997458,  0.00383452572,  0.01258894695] 
  - [-0.01127970725,  0.00391032707, -0.99992873623,  0.01285669899] 
  - [ 0.00000000000,  0.00000000000,  0.00000000000,  1.00000000000] 
  rectification_matrix:
  - [ 0.99998754695, -0.00118967030,  0.00484671236] 
  - [ 0.00117142404,  0.99999222335,  0.00376576830] 
  - [-0.00485115469, -0.00376004385,  0.99998116401] 
  projection_matrix:
  - [992.46981148154,  0.00000000000, 649.51125022581,  0.00000000000] 
  - [ 0.00000000000, 992.46981148154, 340.42865517096,  0.00000000000] 
  - [ 0.00000000000,  0.00000000000,  1.00000000000,  0.00000000000] 
  camera_model: pinhole
  intrinsics: [1066.28, 1065.74, 641.097, 344.162]
  distortion_model: equidistant
  distortion_coeffs: [-0.0967708, 0.0185451, -0.0365978, 0.0256433]
  resolution: [1280, 800]
  rostopic: /ovc/left/image_raw
cam1:
  T_cam_imu:
  - [-0.99989126035,  0.00685648132,  0.01305588551, -0.02828181678] 
  - [ 0.00680879499,  0.99996999899, -0.00369343099,  0.01282802886] 
  - [-0.01308081777, -0.00360413452, -0.99990794697,  0.01213037557] 
  - [ 0.00000000000,  0.00000000000,  0.00000000000,  1.00000000000] 
  T_cn_cnm1:
  - [ 0.99999845436,  0.00017310148, -0.00174966332, -0.11980029725] 
  - [-0.00015992785,  0.99997166213,  0.00752657632,  0.00015731135] 
  - [ 0.00175091660, -0.00752628486,  0.99997014422, -0.00079146862] 
  - [ 0.00000000000,  0.00000000000,  0.00000000000,  1.00000000000] 
  rectification_matrix:
  - [ 0.99997731528, -0.00131308329,  0.00660641625] 
  - [ 0.00133793354,  0.99999204170, -0.00375851961] 
  - [-0.00660142843,  0.00376727329,  0.99997111398] 
  projection_matrix:
  - [992.46981148154,  0.00000000000, 649.51125022581, -118.90087779996] 
  - [ 0.00000000000, 992.46981148154, 340.42865517096,  0.00000000000] 
  - [ 0.00000000000,  0.00000000000,  1.00000000000,  0.00000000000] 
  camera_model: pinhole
  intrinsics: [1062.71, 1062.23, 664.464, 350.129]
  distortion_model: equidistant
  distortion_coeffs: [-0.0952588, 0.00213908, 0.0014077, -0.00558521]
  resolution: [1280, 800]
  rostopic: /ovc/right/image_raw
