cam0:
  T_cam_imu:
  - [-0.99999977630,  0.00064352287, -0.00018243492,  0.09373600103] 
  - [ 0.00064301844,  0.99999600734,  0.00275169743,  0.01449620172] 
  - [ 0.00018420497,  0.00275157951, -0.99999619743, -0.01031625582] 
  - [ 0.00000000000,  0.00000000000,  0.00000000000,  1.00000000000] 
  rectification_matrix:
  - [ 0.99999903700, -0.00044105223,  0.00131585649] 
  - [ 0.00043852843,  0.99999806513,  0.00191766167] 
  - [-0.00131669973, -0.00191708279,  0.99999729554] 
  projection_matrix:
  - [989.46173347227,  0.00000000000, 652.41383425996,  0.00000000000] 
  - [ 0.00000000000, 989.46173347227, 342.06486912302,  0.00000000000] 
  - [ 0.00000000000,  0.00000000000,  1.00000000000,  0.00000000000] 
  camera_model: pinhole
  intrinsics: [1059.33, 1059.54, 641.345, 344.589]
  distortion_model: equidistant
  distortion_coeffs: [-0.089076, -0.00852884, 0.0220296, -0.021822]
  resolution: [1280, 800]
  rostopic: /ovc/left/image_raw
cam1:
  T_cam_imu:
  - [-0.99998596591,  0.00081792124,  0.00523440378, -0.02617190895] 
  - [ 0.00081225490,  0.99999908200, -0.00108455370,  0.01451324592] 
  - [-0.00523528606, -0.00108028681, -0.99998571228, -0.01067178409] 
  - [ 0.00000000000,  0.00000000000,  0.00000000000,  1.00000000000] 
  T_cn_cnm1:
  - [ 0.99998531363,  0.00018931206, -0.00541633569, -0.11996515394] 
  - [-0.00016853458,  0.99999262726,  0.00383627618,  0.00007252484] 
  - [ 0.00541702201, -0.00383530700,  0.99997797290, -0.00080792810] 
  - [ 0.00000000000,  0.00000000000,  0.00000000000,  1.00000000000] 
  rectification_matrix:
  - [ 0.99997714002, -0.00060453541,  0.00673453599] 
  - [ 0.00061744698,  0.99999797518, -0.00191530452] 
  - [-0.00673336449,  0.00191941895,  0.99997548852] 
  projection_matrix:
  - [989.46173347227,  0.00000000000, 652.41383425996, -118.70363978043] 
  - [ 0.00000000000, 989.46173347227, 342.06486912302,  0.00000000000] 
  - [ 0.00000000000,  0.00000000000,  1.00000000000,  0.00000000000] 
  camera_model: pinhole
  intrinsics: [1057.36, 1057.72, 665.39, 352.731]
  distortion_model: equidistant
  distortion_coeffs: [-0.0900631, -0.00648087, 0.00921788, -0.00917048]
  resolution: [1280, 800]
  rostopic: /ovc/right/image_raw
