cam0:
  T_cam_imu:
  - [-0.99996189556,  0.00177716736,  0.00854687716,  0.09476019745] 
  - [ 0.00181086972,  0.99999060989,  0.00393711635,  0.01366540475] 
  - [-0.00853979999,  0.00395244361, -0.99995572402, -0.01276210826] 
  - [ 0.00000000000,  0.00000000000,  0.00000000000,  1.00000000000] 
  rectification_matrix:
  - [ 0.99996925910, -0.00066778020,  0.00781248524] 
  - [ 0.00065076588,  0.99999741167,  0.00218017570] 
  - [-0.00781392090, -0.00217502458,  0.99996710541] 
  projection_matrix:
  - [997.51113201510,  0.00000000000, 655.12930036625,  0.00000000000] 
  - [ 0.00000000000, 997.51113201510, 340.80724322983,  0.00000000000] 
  - [ 0.00000000000,  0.00000000000,  1.00000000000,  0.00000000000] 
  camera_model: pinhole
  intrinsics: [1067.64, 1068.15, 646.612, 342.933]
  distortion_model: equidistant
  distortion_coeffs: [-0.0991036, 0.0215236, -0.0364127, 0.0213517]
  resolution: [1280, 800]
  rostopic: /ovc/left/image_raw
cam1:
  T_cam_imu:
  - [-0.99998829615,  0.00201874158,  0.00439684619, -0.02515215617] 
  - [ 0.00201692618,  0.99999787894, -0.00041728100,  0.01369179873] 
  - [-0.00439767924, -0.00040840800, -0.99999024676, -0.01365396503] 
  - [ 0.00000000000,  0.00000000000,  0.00000000000,  1.00000000000] 
  T_cn_cnm1:
  - [ 0.99999135909,  0.00022518499,  0.00415102749, -0.11986163619] 
  - [-0.00024325219,  0.99999049836,  0.00435247360,  0.00010512119] 
  - [-0.00415000794, -0.00435344574,  0.99998191231, -0.00043934043] 
  - [ 0.00000000000,  0.00000000000,  0.00000000000,  1.00000000000] 
  rectification_matrix:
  - [ 0.99999289793, -0.00087701493,  0.00366537059] 
  - [ 0.00088499463,  0.99999724090, -0.00217599882] 
  - [-0.00366345209,  0.00217922720,  0.99999091500] 
  projection_matrix:
  - [997.51113201510,  0.00000000000, 655.12930036625, -119.56416195904] 
  - [ 0.00000000000, 997.51113201510, 340.80724322983,  0.00000000000] 
  - [ 0.00000000000,  0.00000000000,  1.00000000000,  0.00000000000] 
  camera_model: pinhole
  intrinsics: [1065.18, 1065.9, 667.7, 352.104]
  distortion_model: equidistant
  distortion_coeffs: [-0.094671, -0.00877974, 0.0301354, -0.0304352]
  resolution: [1280, 800]
  rostopic: /ovc/right/image_raw
