cam0:
  T_cam_imu:
  - [-0.99991370721,  0.00669023713,  0.01130570059,  0.09153893768] 
  - [ 0.00673396934,  0.99996997458,  0.00383452572,  0.01258894695] 
  - [-0.01127970725,  0.00391032707, -0.99992873623,  0.01285669899] 
  - [ 0.00000000000,  0.00000000000,  0.00000000000,  1.00000000000] 
  rectification_matrix:
  - [ 0.99994769028, -0.00111676225,  0.01016708143] 
  - [ 0.00108775648,  0.99999532432,  0.00285799382] 
  - [-0.01017022559, -0.00284678501,  0.99994422961] 
  projection_matrix:
  - [987.59107225048,  0.00000000000, 645.06990912769,  0.00000000000] 
  - [ 0.00000000000, 987.59107225048, 339.94917148130,  0.00000000000] 
  - [ 0.00000000000,  0.00000000000,  1.00000000000,  0.00000000000] 
  camera_model: pinhole
  intrinsics: [1060.4, 1060.44, 641.818, 343.233]
  distortion_model: equidistant
  distortion_coeffs: [-0.0944147, 0.0231564, -0.0579883, 0.043942]
  resolution: [1280, 800]
  rostopic: /ovc/left/image_raw
cam1:
  T_cam_imu:
  - [-0.99991923390,  0.00681450121,  0.01072791916, -0.02808835731] 
  - [ 0.00679481453,  0.99997516561, -0.00187046857,  0.01279226731] 
  - [-0.01074039905, -0.00179742328, -0.99994070479,  0.01158375810] 
  - [ 0.00000000000,  0.00000000000,  0.00000000000,  1.00000000000] 
  T_cn_cnm1:
  - [ 0.99999982535,  0.00012200761,  0.00057828851, -0.11963624984] 
  - [-0.00012530416,  0.99998372466,  0.00570392171,  0.00014166185] 
  - [-0.00057758317, -0.00570399318,  0.99998356529, -0.00114805098] 
  - [ 0.00000000000,  0.00000000000,  0.00000000000,  1.00000000000] 
  rectification_matrix:
  - [ 0.99995325889, -0.00118404946,  0.00959573135] 
  - [ 0.00121141608,  0.99999521452, -0.00284664770] 
  - [-0.00959231486,  0.00285813907,  0.99994990801] 
  projection_matrix:
  - [987.59107225048,  0.00000000000, 645.06990912769, -118.15721770809] 
  - [ 0.00000000000, 987.59107225048, 339.94917148130,  0.00000000000] 
  - [ 0.00000000000,  0.00000000000,  1.00000000000,  0.00000000000] 
  camera_model: pinhole
  intrinsics: [1056.55, 1056.63, 664.824, 350.322]
  distortion_model: equidistant
  distortion_coeffs: [-0.0917339, -0.00214631, 0.00875811, -0.0129153]
  resolution: [1280, 800]
  rostopic: /ovc/right/image_raw
