cam0:
  T_cam_imu:
  - [-0.99999977630,  0.00064352287, -0.00018243492,  0.09373600103] 
  - [ 0.00064301844,  0.99999600734,  0.00275169743,  0.01449620172] 
  - [ 0.00018420497,  0.00275157951, -0.99999619743, -0.01031625582] 
  - [ 0.00000000000,  0.00000000000,  0.00000000000,  1.00000000000] 
  rectification_matrix:
  - [ 0.99999055976, -0.00023984361,  0.00433853326] 
  - [ 0.00023174009,  0.99999822805,  0.00186820796] 
  - [-0.00433897365, -0.00186718491,  0.99998884340] 
  projection_matrix:
  - [989.56652160646,  0.00000000000, 649.81855564125,  0.00000000000] 
  - [ 0.00000000000, 989.56652160646, 341.06749642692,  0.00000000000] 
  - [ 0.00000000000,  0.00000000000,  1.00000000000,  0.00000000000] 
  camera_model: pinhole
  intrinsics: [1059.95, 1060.29, 640.709, 343.686]
  distortion_model: equidistant
  distortion_coeffs: [-0.0938917, 0.0173297, -0.0374893, 0.0257133]
  resolution: [1280, 800]
  rostopic: /ovc/left/image_raw
cam1:
  T_cam_imu:
  - [-0.99999345582,  0.00088382026,  0.00350816061, -0.02621281297] 
  - [ 0.00088037317,  0.99999912833, -0.00098401494,  0.01449061010] 
  - [-0.00350902724, -0.00098092001, -0.99999336224, -0.01098786065] 
  - [ 0.00000000000,  0.00000000000,  0.00000000000,  1.00000000000] 
  T_cn_cnm1:
  - [ 0.99999316086,  0.00025045590, -0.00368991913, -0.11998986974] 
  - [-0.00023667115,  0.99999299405,  0.00373575047,  0.00005523351] 
  - [ 0.00369082892, -0.00373485163,  0.99998621424, -0.00096356943] 
  - [ 0.00000000000,  0.00000000000,  0.00000000000,  1.00000000000] 
  rectification_matrix:
  - [ 0.99996765178, -0.00046030316,  0.00803016337] 
  - [ 0.00047530042,  0.99999814642, -0.00186580755] 
  - [-0.00802928965,  0.00186956393,  0.99996601704] 
  projection_matrix:
  - [989.56652160646,  0.00000000000, 649.81855564125, -118.74180132848] 
  - [ 0.00000000000, 989.56652160646, 341.06749642692,  0.00000000000] 
  - [ 0.00000000000,  0.00000000000,  1.00000000000,  0.00000000000] 
  camera_model: pinhole
  intrinsics: [1057.47, 1057.92, 666.215, 351.879]
  distortion_model: equidistant
  distortion_coeffs: [-0.0905446, -0.00854078, 0.0200646, -0.0176755]
  resolution: [1280, 800]
  rostopic: /ovc/right/image_raw
