cam0:
  rectification_matrix:
  - [ 0.99998949397, -0.00095756848,  0.00448274523] 
  - [ 0.00094627012,  0.99999637241,  0.00252185428] 
  - [-0.00448514382, -0.00251758589,  0.99998677254] 
  projection_matrix:
  - [993.08338048752,  0.00000000000, 650.26443104992,  0.00000000000] 
  - [ 0.00000000000, 993.08338048752, 339.92468151181,  0.00000000000] 
  - [ 0.00000000000,  0.00000000000,  1.00000000000,  0.00000000000] 
  camera_model: pinhole
  intrinsics: [1065.33, 1065.34, 641.541, 343.254]
  distortion_model: equidistant
  distortion_coeffs: [-0.0939543, -0.000295917, 0.0137482, -0.0215914]
  resolution: [1280, 800]
  rostopic: /ovc/left/image_raw
cam1:
  T_cam_imu:
  [-0.99989162305,  0.00684496103,  0.01303413488, -0.02844679190,
   0.00682980510,  0.99997594823, -0.00120694513,  0.01277009414,
  -0.01304208288, -0.00111779372, -0.99991432364,  0.01220557040,
   0.00000000000,  0.00000000000,  0.00000000000,  1.00000000000] 
  T_cn_cnm1:
    [0.99999849404,  0.00016149570, -0.00172795520, -0.11996540899, 
  -0.00015278488,  0.99998728718,  0.00504005393,  0.00013049454, 
   0.00172874718, -0.00503978234,  0.99998580591, -0.00074574823, 
   0.00000000000,  0.00000000000,  0.00000000000,  1.00000000000] 
  camera_model: pinhole
  intrinsics: [1062.09, 1062.23, 664.454, 350.201]
  distortion_model: equidistant
  distortion_coeffs: [-0.0950587, -0.000210299, 0.0116423, -0.0183844]
  resolution: [1280, 800]
  rostopic: /ovc/right/image_raw
