T_imu_body: [1.0, 0.0, 0.0, 0.0, 0.0, 1.0, 0.0, 0.0, 0.0, 0.0, 1.0, 0.0, 0.0, 0.0,
  0.0, 1.0]
cam0:
  T_cam_imu: [-0.99996189556, 0.00177716736, 0.00854687716, 0.09476019745, 0.00181086972,
    0.99999060989, 0.00393711635, 0.01366540475, -0.00853979999, 0.00395244361, -0.99995572402,
    -0.01276210826, 0.0, 0.0, 0.0, 1.0]
  camera_model: pinhole
  distortion_coeffs: [-0.0949467, 0.00903031, -0.0183257, 0.0136721]
  distortion_model: equidistant
  intrinsics: [1058.37, 1058.02, 654.305, 328.564]
  resolution: [1280, 800]
  rostopic: /ovc/left/image_raw
cam1:
  T_cn_cnm1: [0.99996512115, 0.00135211601, -0.00824186035, -0.12008479546, -0.00134742057,
    0.99999892678, 0.00057523168, 2.506896e-05, 0.00824262929, -0.00056410637, 0.99996586984,
    -0.0010126639, 0.0, 0.0, 0.0, 1.0]
  camera_model: pinhole
  distortion_coeffs: [-0.102665, 0.0481555, -0.0894474, 0.0541488]
  distortion_model: equidistant
  intrinsics: [1061.81, 1061.6, 688.811, 334.488]
  resolution: [1280, 800]
  rostopic: /ovc/right/image_raw
