cam0:
  T_cam_imu:
  - [-0.99996189556,  0.00177716736,  0.00854687716,  0.09476019745] 
  - [ 0.00181086972,  0.99999060989,  0.00393711635,  0.01366540475] 
  - [-0.00853979999,  0.00395244361, -0.99995572402, -0.01276210826] 
  - [ 0.00000000000,  0.00000000000,  0.00000000000,  1.00000000000] 
  rectification_matrix:
  - [ 0.99999920660,  0.00094527142, -0.00083262842] 
  - [-0.00094504601,  0.99999951670,  0.00027107510] 
  - [ 0.00083288426, -0.00027028801,  0.99999961662] 
  projection_matrix:
  - [983.95248840347,  0.00000000000, 676.12888404534,  0.00000000000] 
  - [ 0.00000000000, 983.95248840347, 322.86451546532,  0.00000000000] 
  - [ 0.00000000000,  0.00000000000,  1.00000000000,  0.00000000000] 
  camera_model: pinhole
  intrinsics: [1055.49, 1056.09, 653.459, 328.647]
  distortion_model: equidistant
  distortion_coeffs: [-0.0948212, 0.012118, -0.0235688, 0.0164637]
  resolution: [1280, 800]
  rostopic: /ovc/left/image_raw
cam1:
  T_cam_imu:
  - [-0.99987137214,  0.00302941305,  0.01574997895, -0.02522293479] 
  - [ 0.00308306213,  0.99998952452,  0.00338313184,  0.01357734118] 
  - [-0.01573956506,  0.00343125484, -0.99987023787, -0.01285139453] 
  - [ 0.00000000000,  0.00000000000,  0.00000000000,  1.00000000000] 
  T_cn_cnm1:
  - [ 0.99997326951,  0.00128075731, -0.00719860649, -0.12008997071] 
  - [-0.00127688071,  0.99999903731,  0.00054309143,  0.00003987805] 
  - [ 0.00719929513, -0.00053388515,  0.99997394222, -0.00076452970] 
  - [ 0.00000000000,  0.00000000000,  0.00000000000,  1.00000000000] 
  rectification_matrix:
  - [ 0.99997968055, -0.00033206137,  0.00636617819] 
  - [ 0.00033378457,  0.99999990795, -0.00026962051] 
  - [-0.00636608808,  0.00027173996,  0.99997969933] 
  projection_matrix:
  - [983.95248840347,  0.00000000000, 676.12888404534, -118.16522638694] 
  - [ 0.00000000000, 983.95248840347, 322.86451546532,  0.00000000000] 
  - [ 0.00000000000,  0.00000000000,  1.00000000000,  0.00000000000] 
  camera_model: pinhole
  intrinsics: [1059.03, 1059.98, 687.395, 334.674]
  distortion_model: equidistant
  distortion_coeffs: [-0.104818, 0.0637584, -0.122617, 0.0798197]
  resolution: [1280, 800]
  rostopic: /ovc/right/image_raw
