cam0:
  cam_overlaps: [1]
  camera_model: pinhole
  distortion_coeffs: [-0.13204819712445734, 0.02392594031169765, 0.1266113754060023,
    -0.22893572568827167]
  distortion_model: equidistant
  intrinsics: [1094.2353989712158, 1098.3030046950812, 630.2970427123465, 339.47153296139794]
  resolution: [1280, 800]
  rostopic: /ovc/left/image_raw
cam1:
  T_cn_cnm1:
  - [0.9991227297820006, -0.0003484892925163136, -0.041876597141732134, -0.10088754597268601]
  - [-0.0002697020686053741, 0.9998910929570346, -0.014755659455792535, 0.017534874101078554]
  - [0.04187717867469245, 0.014754008960080346, 0.9990138242916602, -0.06430677387098235]
  - [0.0, 0.0, 0.0, 1.0]
  cam_overlaps: [0]
  camera_model: pinhole
  distortion_coeffs: [-0.13927144514342044, 0.29069041319547284, -0.6445773110985374,
    0.5006788051771609]
  distortion_model: equidistant
  intrinsics: [1040.0212262473044, 1039.9063868116411, 679.6574063932633, 351.1843238959551]
  resolution: [1280, 800]
  rostopic: /ovc/right/image_raw
