T_imu_body: [1.0, 0.0, 0.0, 0.0, 0.0, 1.0, 0.0, 0.0, 0.0, 0.0, 1.0, 0.0, 0.0, 0.0,
  0.0, 1.0]
cam0:
  T_cam_imu: [-0.99991370721,  0.00669023713,  0.01130570059,  0.09153893768,
  0.00673396934,  0.99996997458,  0.00383452572,  0.01258894695, 
  -0.01127970725,  0.00391032707, -0.99992873623,  0.01285669899, 
  0.00000000000,  0.00000000000,  0.00000000000,  1.00000000000] 
  camera_model: pinhole
  intrinsics: [1064.35, 1064.58, 641.491, 343.769]
  distortion_model: equidistant
  distortion_coeffs: [-0.0951089, 0.0168054, -0.0355364, 0.0261221]
  resolution: [1280, 800]
  rostopic: /ovc/left/image_raw
cam1:
  T_cam_imu: [-0.99990295268,  0.00678173876,  0.01216935625, -0.02826749066,
  0.00675825874,  0.99997522315, -0.00196952591,  0.01273644591,
  -0.01218241155, -0.00188709111, -0.99992401098,  0.01213942892,
  0.00000000000,  0.00000000000,  0.00000000000,  1.00000000000] 
  T_cn_cnm1: [ 0.99999962281,  0.00009488301, -0.00086335762, -0.11979648837,
  -0.00008987105,  0.99998315618,  0.00580338455,  0.00008132533,
  0.00086389372, -0.00580330477,  0.99998278752, -0.00072307120,
  0.00000000000,  0.00000000000,  0.00000000000,  1.00000000000] 
  camera_model: pinhole
  intrinsics: [1060.92, 1061.23, 664.438, 350.755]
  distortion_model: equidistant
  distortion_coeffs: [-0.0919963, -0.0102372, 0.0238748, -0.0181641]
  resolution: [1280, 800]
  rostopic: /ovc/right/image_raw
