cam0:
    T_cam_imu: [-4.768595178727963e-07, -1.00000047685949, -2.384186926773779e-07, 0.09999889606203283, 1.110223024625157e-16, -2.384408253064407e-07, -1.00000047685949, -7.476863905786502e-09, 1.000000476859518, 1.110223024625157e-16, -4.768595178727963e-07, -0.09999699056814393, 0, 0, 0, 1]
    camera_model: pinhole
    intrinsics: [391.4970798143459, 391.4970798143459, 480, 360]
    distortion_model: radtan
    distortion_coeffs: [0, 0, 0, 0]
    resolution: [960, 720]
    rostopic: /quadrotor/cam_left/image_raw
cam1:
    T_cam_imu: [-4.768595178727963e-07, -1.00000047685949, -2.384186926773779e-07, -0.09999814755058622, 1.110223024625157e-16, -2.384408253064407e-07, -1.00000047685949, 6.913213124182249e-08, 1.000000476859518, 1.110223024625157e-16, -4.768595178727963e-07, -0.09999568671592129, 0, 0, 0, 1]
    camera_model: pinhole
    intrinsics: [391.4970798143459, 391.4970798143459, 480, 360]
    distortion_model: radtan
    distortion_coeffs: [0, 0, 0, 0]
    resolution: [960, 720]
    rostopic: /quadrotor/cam_right/image_raw
    T_cn_cnm1: [1.000000953719491, 4.76859745378805e-07, -4.768596316865958e-07, -0.1999971866680398, 4.76859745378805e-07, 1.000000953719264, 4.76859745378805e-07, 7.660809362510746e-08, -4.768596316865957e-07, 4.768597453788051e-07, 1.000000953719491, 1.446906741892073e-06, 0, 0, 0, 1]