T_imu_body: [1.0, 0.0, 0.0, 0.0, 0.0, 1.0, 0.0, 0.0, 0.0, 0.0, 1.0, 0.0, 0.0, 0.0,
  0.0, 1.0]
cam0:
  T_cam_imu: [-0.99999007961, -0.00132207465, 0.00425356229, 0.09139940757, -0.001326278,
    0.99999863486, -0.00098552559, 0.01560966073, -0.00425225354, -0.00099115722,
    -0.99999046793, -0.0172675311, 0.0, 0.0, 0.0, 1.0]
  camera_model: pinhole
  distortion_coeffs: [-0.0927834, 0.0105328, -0.0280053, 0.0252347]
  distortion_model: equidistant
  intrinsics: [1053.25, 1053.49, 653.145, 328.833]
  resolution: [1280, 800]
  rostopic: /ovc/left/image_raw
cam1:
  T_cn_cnm1: [0.99999825439, 0.00139490875, 0.00124316136, -0.11975201495, -0.00138894775,
    0.99998759649, -0.00478306275, -9.594736e-05, -0.00124981788, 0.00478132772, 0.99998778836,
    -1.135585e-05, 0.0, 0.0, 0.0, 1.0]
  camera_model: pinhole
  distortion_coeffs: [-0.10275, 0.0566843, -0.107881, 0.0699533]
  distortion_model: equidistant
  intrinsics: [1057.06, 1057.75, 684.335, 334.93]
  resolution: [1280, 800]
  rostopic: /ovc/right/image_raw
