T_imu_body: [1.0, 0.0, 0.0, 0.0, 0.0, 1.0, 0.0, 0.0, 0.0, 0.0, 1.0, 0.0, 0.0, 0.0,
  0.0, 1.0]
cam0:
  T_cam_imu: [-0.99996189556, 0.00177716736, 0.00854687716, 0.09476019745, 0.00181086972,
    0.99999060989, 0.00393711635, 0.01366540475, -0.00853979999, 0.00395244361, -0.99995572402,
    -0.01276210826, 0.0, 0.0, 0.0, 1.0]
  camera_model: pinhole
  distortion_coeffs: [-0.0920045, 0.0105528, -0.017287, 0.00894825]
  distortion_model: equidistant
  intrinsics: [1053.02, 1053.98, 628.547, 332.561]
  resolution: [1280, 800]
  rostopic: /ovc/left/image_raw
cam1:
  T_cn_cnm1: [0.99999467402, 4.013408e-05, -0.00326348254, -0.11963325186, -3.553504e-05,
    0.99999900632, 0.00140928873, 0.00020396337, 0.00326353585, -0.00140916525, 0.99999368177,
    -0.00102722226, 0.0, 0.0, 0.0, 1.0]
  camera_model: pinhole
  distortion_coeffs: [-0.119661, 0.140621, -0.294259, 0.222752]
  distortion_model: equidistant
  intrinsics: [1062.01, 1062.57, 684.591, 366.809]
  resolution: [1280, 800]
  rostopic: /ovc/right/image_raw
