T_imu_body: [1.0, 0.0, 0.0, 0.0, 0.0, 1.0, 0.0, 0.0, 0.0, 0.0, 1.0, 0.0, 0.0, 0.0,
  0.0, 1.0]
cam0:
  T_cam_imu: [-0.99999007961, -0.00132207465, 0.00425356229, 0.09139940757, -0.001326278,
    0.99999863486, -0.00098552559, 0.01560966073, -0.00425225354, -0.00099115722,
    -0.99999046793, -0.0172675311, 0.0, 0.0, 0.0, 1.0]
  camera_model: pinhole
  distortion_coeffs: [-0.0949028, 0.019073, -0.0479565, 0.0377912]
  distortion_model: equidistant
  intrinsics: [1055.97, 1056.55, 653.51, 328.666]
  resolution: [1280, 800]
  rostopic: /ovc/left/image_raw
cam1:
  T_cn_cnm1: [0.99999898023, 0.00130932707, 0.00057026455, -0.11968906216, -0.0013069827,
    0.99999077288, -0.0040921818, -0.00010208292, -0.00057561729, 0.0040914323, 0.99999146439,
    -0.00029413132, 0.0, 0.0, 0.0, 1.0]
  camera_model: pinhole
  distortion_coeffs: [-0.101735, 0.0487212, -0.0964819, 0.0636063]
  distortion_model: equidistant
  intrinsics: [1059.34, 1060.24, 684.867, 334.842]
  resolution: [1280, 800]
  rostopic: /ovc/right/image_raw
