T_imu_body: [1.0, 0.0, 0.0, 0.0, 0.0, 1.0, 0.0, 0.0, 0.0, 0.0, 1.0, 0.0, 0.0, 0.0,
  0.0, 1.0]
cam0:
  T_cam_imu: [-0.99999007961, -0.00132207465, 0.00425356229, 0.09139940757, -0.001326278,
    0.99999863486, -0.00098552559, 0.01560966073, -0.00425225354, -0.00099115722,
    -0.99999046793, -0.0172675311, 0.0, 0.0, 0.0, 1.0]
  camera_model: pinhole
  distortion_coeffs: [-0.0944644, 0.0221333, -0.0543158, 0.0470551]
  distortion_model: equidistant
  intrinsics: [1053.36, 1053.82, 653.046, 331.144]
  resolution: [1280, 800]
  rostopic: /ovc/left/image_raw
cam1:
  T_cn_cnm1: [0.99999930307, 0.00102764144, -0.00058120935, -0.11967863854, -0.00102987316,
    0.99999204838, -0.00385260272, -0.00012849341, 0.00057724564, 0.00385319861, 0.9999924098,
    -0.00046428526, 0.0, 0.0, 0.0, 1.0]
  camera_model: pinhole
  distortion_coeffs: [-0.101724, 0.0501544, -0.091724, 0.0598231]
  distortion_model: equidistant
  intrinsics: [1056.46, 1057.27, 684.157, 337.464]
  resolution: [1280, 800]
  rostopic: /ovc/right/image_raw
