T_imu_body: [1.0, 0.0, 0.0, 0.0, 0.0, 1.0, 0.0, 0.0, 0.0, 0.0, 1.0, 0.0, 0.0, 0.0,
  0.0, 1.0]
cam0:
  T_cam_imu: [-0.99999007961, -0.00132207465, 0.00425356229, 0.09139940757, -0.001326278,
    0.99999863486, -0.00098552559, 0.01560966073, -0.00425225354, -0.00099115722,
    -0.99999046793, -0.0172675311, 0.0, 0.0, 0.0, 1.0]
  camera_model: pinhole
  distortion_coeffs: [-0.0921668, -0.00378887, 0.0171497, -0.0200551]
  distortion_model: equidistant
  intrinsics: [1054.29, 1054.67, 653.695, 329.993]
  resolution: [1280, 800]
  rostopic: /ovc/left/image_raw
cam1:
  T_cn_cnm1: [0.99999919518, 0.00109592589, 0.00063920742, -0.11973430965, -0.00109347033,
    0.99999207021, -0.00382934007, -5.872744e-05, -0.00064339903, 0.00382863803, 0.99999246376,
    -0.00057991569, 0.0, 0.0, 0.0, 1.0]
  camera_model: pinhole
  distortion_coeffs: [-0.104196, 0.0630347, -0.121242, 0.0796202]
  distortion_model: equidistant
  intrinsics: [1057.41, 1058.18, 685.506, 336.12]
  resolution: [1280, 800]
  rostopic: /ovc/right/image_raw
