T_imu_body: [1.0, 0.0, 0.0, 0.0, 0.0, 1.0, 0.0, 0.0, 0.0, 0.0, 1.0, 0.0, 0.0, 0.0,
  0.0, 1.0]
cam0:
  T_cam_imu: [-0.99996189556, 0.00177716736, 0.00854687716, 0.09476019745, 0.00181086972,
    0.99999060989, 0.00393711635, 0.01366540475, -0.00853979999, 0.00395244361, -0.99995572402,
    -0.01276210826, 0.0, 0.0, 0.0, 1.0]
  camera_model: pinhole
  distortion_coeffs: [-0.0948546, 0.0207405, -0.0517712, 0.0433106]
  distortion_model: equidistant
  intrinsics: [1054.71, 1054.98, 653.473, 328.337]
  resolution: [1280, 800]
  rostopic: /ovc/left/image_raw
cam1:
  T_cn_cnm1: [0.99996946065, 0.00127614205, -0.00771033269, -0.12007946306, -0.0012715645,
    0.99999901242, 0.00059856421, -2.0207e-07, 0.00771108893, -0.00058874175, 0.9999700958,
    -0.00080046647, 0.0, 0.0, 0.0, 1.0]
  camera_model: pinhole
  distortion_coeffs: [-0.104556, 0.0646439, -0.121688, 0.0774547]
  distortion_model: equidistant
  intrinsics: [1058.35, 1058.88, 688.084, 334.429]
  resolution: [1280, 800]
  rostopic: /ovc/right/image_raw
