T_imu_body: [1.0, 0.0, 0.0, 0.0, 0.0, 1.0, 0.0, 0.0, 0.0, 0.0, 1.0, 0.0, 0.0, 0.0,
  0.0, 1.0]
cam0:
  T_cam_imu: [-0.99996189556, 0.00177716736, 0.00854687716, 0.09476019745, 0.00181086972,
    0.99999060989, 0.00393711635, 0.01366540475, -0.00853979999, 0.00395244361, -0.99995572402,
    -0.01276210826, 0.0, 0.0, 0.0, 1.0]
  camera_model: pinhole
  distortion_coeffs: [-0.0883406, -0.0223742, 0.0575919, -0.0486608]
  distortion_model: equidistant
  intrinsics: [1053.48, 1053.86, 629.186, 331.126]
  resolution: [1280, 800]
  rostopic: /ovc/left/image_raw
cam1:
  T_cn_cnm1: [0.99999435597, 0.00017572063, -0.00335516697, -0.11977067559, -0.00017223149,
    0.99999944417, 0.00104018968, -1.57258e-05, 0.00335534789, -0.00103960595, 0.99999383041,
    -0.00089694282, 0.0, 0.0, 0.0, 1.0]
  camera_model: pinhole
  distortion_coeffs: [-0.113988, 0.105296, -0.223135, 0.172824]
  distortion_model: equidistant
  intrinsics: [1061.89, 1062.24, 681.326, 366.255]
  resolution: [1280, 800]
  rostopic: /ovc/right/image_raw
