T_imu_body: [1.0, 0.0, 0.0, 0.0, 0.0, 1.0, 0.0, 0.0, 0.0, 0.0, 1.0, 0.0, 0.0, 0.0,
  0.0, 1.0]
cam0:
  T_cam_imu: [-0.99996189556, 0.00177716736, 0.00854687716, 0.09476019745, 0.00181086972,
    0.99999060989, 0.00393711635, 0.01366540475, -0.00853979999, 0.00395244361, -0.99995572402,
    -0.01276210826, 0.0, 0.0, 0.0, 1.0]
  camera_model: pinhole
  distortion_coeffs: [-0.0890828, -0.0121327, 0.0291174, -0.0224579]
  distortion_model: equidistant
  intrinsics: [1052.93, 1053.75, 629.592, 330.193]
  resolution: [1280, 800]
  rostopic: /ovc/left/image_raw
cam1:
  T_cn_cnm1: [0.99999849365, 0.00024477455, -0.00171836897, -0.11992582532, -0.00024310951,
    0.99999950086, 0.0009691115, 0.00013579527, 0.00171860533, -0.00096869229, 0.99999805401,
    -0.00088541121, 0.0, 0.0, 0.0, 1.0]
  camera_model: pinhole
  distortion_coeffs: [-0.114376, 0.123562, -0.287177, 0.236855]
  distortion_model: equidistant
  intrinsics: [1061.14, 1061.8, 681.883, 365.307]
  resolution: [1280, 800]
  rostopic: /ovc/right/image_raw
