T_imu_body: [1.0, 0.0, 0.0, 0.0, 0.0, 1.0, 0.0, 0.0, 0.0, 0.0, 1.0, 0.0, 0.0, 0.0,
  0.0, 1.0]
cam0:
  T_cam_imu: [-0.99996189556, 0.00177716736, 0.00854687716, 0.09476019745, 0.00181086972,
    0.99999060989, 0.00393711635, 0.01366540475, -0.00853979999, 0.00395244361, -0.99995572402,
    -0.01276210826, 0.0, 0.0, 0.0, 1.0]
  camera_model: pinhole
  distortion_coeffs: [-0.0894072, -0.011509, 0.0267459, -0.0211952]
  distortion_model: equidistant
  intrinsics: [1053.99, 1054.81, 629.555, 330.025]
  resolution: [1280, 800]
  rostopic: /ovc/left/image_raw
cam1:
  T_cn_cnm1: [0.99999988398, 0.00028965605, -0.00038489476, -0.12009361761, -0.00028926125,
    0.99999943246, 0.00102538297, 6.746285e-05, 0.00038519155, -0.00102527151, 0.99999940022,
    -0.00094393694, 0.0, 0.0, 0.0, 1.0]
  camera_model: pinhole
  distortion_coeffs: [-0.10772, 0.0732444, -0.148007, 0.108295]
  distortion_model: equidistant
  intrinsics: [1061.72, 1062.68, 682.364, 364.987]
  resolution: [1280, 800]
  rostopic: /ovc/right/image_raw
