T_imu_body: [1.0, 0.0, 0.0, 0.0, 0.0, 1.0, 0.0, 0.0, 0.0, 0.0, 1.0, 0.0, 0.0, 0.0,
  0.0, 1.0]
cam0:
  T_cam_imu: [-0.99999007961, -0.00132207465, 0.00425356229, 0.09139940757, -0.001326278,
    0.99999863486, -0.00098552559, 0.01560966073, -0.00425225354, -0.00099115722,
    -0.99999046793, -0.0172675311, 0.0, 0.0, 0.0, 1.0]
  camera_model: pinhole
  distortion_coeffs: [-0.0970788, 0.0214079, -0.0428539, 0.0349013]
  distortion_model: equidistant
  intrinsics: [1057.69, 1056.76, 653.511, 329.532]
  resolution: [1280, 800]
  rostopic: /ovc/left/image_raw
cam1:
  T_cn_cnm1: [0.99999628736, 0.00118707376, 0.00245278027, -0.11932858128, -0.00118333329,
    0.9999981357, -0.00152588042, -5.665256e-05, -0.00245458703, 0.0015229723, 0.99999582777,
    0.00011367578, 0.0, 0.0, 0.0, 1.0]
  camera_model: pinhole
  distortion_coeffs: [-0.10795, 0.0805047, -0.169456, 0.127881]
  distortion_model: equidistant
  intrinsics: [1061.43, 1060.83, 685.159, 335.68]
  resolution: [1280, 800]
  rostopic: /ovc/right/image_raw
