T_imu_body: [1.0, 0.0, 0.0, 0.0, 0.0, 1.0, 0.0, 0.0, 0.0, 0.0, 1.0, 0.0, 0.0, 0.0,
  0.0, 1.0]
cam0:
  T_cam_imu: [-0.99996189556, 0.00177716736, 0.00854687716, 0.09476019745, 0.00181086972,
    0.99999060989, 0.00393711635, 0.01366540475, -0.00853979999, 0.00395244361, -0.99995572402,
    -0.01276210826, 0.0, 0.0, 0.0, 1.0]
  camera_model: pinhole
  distortion_coeffs: [-0.0948212, 0.012118, -0.0235688, 0.0164637]
  distortion_model: equidistant
  intrinsics: [1055.49, 1056.09, 653.459, 328.647]
  resolution: [1280, 800]
  rostopic: /ovc/left/image_raw
cam1:
  T_cn_cnm1: [0.99997326951, 0.00128075731, -0.00719860649, -0.12008997071, -0.00127688071,
    0.99999903731, 0.00054309143, 3.987805e-05, 0.00719929513, -0.00053388515, 0.99997394222,
    -0.0007645297, 0.0, 0.0, 0.0, 1.0]
  camera_model: pinhole
  distortion_coeffs: [-0.104818, 0.0637584, -0.122617, 0.0798197]
  distortion_model: equidistant
  intrinsics: [1059.03, 1059.98, 687.395, 334.674]
  resolution: [1280, 800]
  rostopic: /ovc/right/image_raw
