T_imu_body: [1.0, 0.0, 0.0, 0.0, 0.0, 1.0, 0.0, 0.0, 0.0, 0.0, 1.0, 0.0, 0.0, 0.0,
  0.0, 1.0]
cam0:
  T_cam_imu: [-0.99996189556, 0.00177716736, 0.00854687716, 0.09476019745, 0.00181086972,
    0.99999060989, 0.00393711635, 0.01366540475, -0.00853979999, 0.00395244361, -0.99995572402,
    -0.01276210826, 0.0, 0.0, 0.0, 1.0]
  camera_model: pinhole
  distortion_coeffs: [-0.09015, -0.011648, 0.036823, -0.0245797]
  distortion_model: equidistant
  intrinsics: [1053.93, 1054.67, 629.115, 332.213]
  resolution: [1280, 800]
  rostopic: /ovc/left/image_raw
cam1:
  T_cn_cnm1: [0.99999889921, -0.00016246305, -0.00147485113, -0.11979878391, 0.0001679421,
    0.99999308293, 0.00371562617, 0.00013970709, 0.00147423728, -0.00371586977, 0.99999200944,
    -0.00066816616, 0.0, 0.0, 0.0, 1.0]
  camera_model: pinhole
  distortion_coeffs: [-0.122246, 0.154844, -0.345292, 0.28503]
  distortion_model: equidistant
  intrinsics: [1058.36, 1058.97, 687.164, 367.074]
  resolution: [1280, 800]
  rostopic: /ovc/right/image_raw
