T_imu_body: [1.0, 0.0, 0.0, 0.0, 0.0, 1.0, 0.0, 0.0, 0.0, 0.0, 1.0, 0.0, 0.0, 0.0,
  0.0, 1.0]
cam0:
  T_cam_imu: [-0.99996189556, 0.00177716736, 0.00854687716, 0.09476019745, 0.00181086972,
    0.99999060989, 0.00393711635, 0.01366540475, -0.00853979999, 0.00395244361, -0.99995572402,
    -0.01276210826, 0.0, 0.0, 0.0, 1.0]
  camera_model: pinhole
  distortion_coeffs: [-0.0961952, 0.0198737, -0.0451897, 0.0293742]
  distortion_model: equidistant
  intrinsics: [1057.17, 1057.73, 653.861, 328.547]
  resolution: [1280, 800]
  rostopic: /ovc/left/image_raw
cam1:
  T_cn_cnm1: [0.99999385294, 0.00120394458, -0.00329311467, -0.11997093129, -0.00121284621,
    0.9999956129, -0.00270244167, -5.976111e-05, 0.00328984663, 0.0027064191, 0.99999092606,
    -0.0006172609, 0.0, 0.0, 0.0, 1.0]
  camera_model: pinhole
  distortion_coeffs: [-0.104738, 0.059959, -0.111047, 0.0654238]
  distortion_model: equidistant
  intrinsics: [1060.72, 1061.53, 687.062, 335.186]
  resolution: [1280, 800]
  rostopic: /ovc/right/image_raw
