T_imu_body: [1.0, 0.0, 0.0, 0.0, 0.0, 1.0, 0.0, 0.0, 0.0, 0.0, 1.0, 0.0, 0.0, 0.0,
  0.0, 1.0]
cam0:
  T_cam_imu: [-0.99999007961, -0.00132207465, 0.00425356229, 0.09139940757, -0.001326278,
    0.99999863486, -0.00098552559, 0.01560966073, -0.00425225354, -0.00099115722,
    -0.99999046793, -0.0172675311, 0.0, 0.0, 0.0, 1.0]
  camera_model: pinhole
  distortion_coeffs: [-0.0946021, 0.0120469, -0.0224227, 0.0109277]
  distortion_model: equidistant
  intrinsics: [1055.74, 1056.05, 652.961, 327.879]
  resolution: [1280, 800]
  rostopic: /ovc/left/image_raw
cam1:
  T_cn_cnm1: [0.99999618444, 0.00121100541, 0.00248285519, -0.11959364576, -0.00120873091,
    0.99999884869, -0.00091738138, -4.110702e-05, -0.00248396328, 0.00091437678, 0.99999649691,
    0.000249267, 0.0, 0.0, 0.0, 1.0]
  camera_model: pinhole
  distortion_coeffs: [-0.10197, 0.0468207, -0.0887363, 0.0558085]
  distortion_model: equidistant
  intrinsics: [1059.46, 1060.14, 684.727, 335.179]
  resolution: [1280, 800]
  rostopic: /ovc/right/image_raw
