T_imu_body: [1.0, 0.0, 0.0, 0.0, 0.0, 1.0, 0.0, 0.0, 0.0, 0.0, 1.0, 0.0, 0.0, 0.0,
  0.0, 1.0]
cam0:
  T_cam_imu: [-0.99996189556, 0.00177716736, 0.00854687716, 0.09476019745, 0.00181086972,
    0.99999060989, 0.00393711635, 0.01366540475, -0.00853979999, 0.00395244361, -0.99995572402,
    -0.01276210826, 0.0, 0.0, 0.0, 1.0]
  camera_model: pinhole
  distortion_coeffs: [-0.100714, 0.0489618, -0.277787, 0.380571]
  distortion_model: equidistant
  intrinsics: [1253.71, 1254.77, 632.244, 335.838]
  resolution: [1280, 800]
  rostopic: /ovc/left/image_raw
cam1:
  T_cn_cnm1: [0.99999582202, 0.00044865362, 0.00285563509, -0.12006424341, -0.00045663301,
    0.9999959919, 0.00279422197, 8.780915e-05, -0.00285437, -0.00279551428, 0.9999920188,
    7.57832e-06, 0.0, 0.0, 0.0, 1.0]
  camera_model: pinhole
  distortion_coeffs: [-0.0939273, -0.003168, -0.101911, 0.1801]
  distortion_model: equidistant
  intrinsics: [1287.73, 1288.61, 645.995, 340.482]
  resolution: [1280, 800]
  rostopic: /ovc/right/image_raw
