T_imu_body: [1.0, 0.0, 0.0, 0.0, 0.0, 1.0, 0.0, 0.0, 0.0, 0.0, 1.0, 0.0, 0.0, 0.0,
  0.0, 1.0]
cam0:
  T_cam_imu: [-0.99999007961, -0.00132207465, 0.00425356229, 0.09139940757, -0.001326278,
    0.99999863486, -0.00098552559, 0.01560966073, -0.00425225354, -0.00099115722,
    -0.99999046793, -0.0172675311, 0.0, 0.0, 0.0, 1.0]
  camera_model: pinhole
  distortion_coeffs: [-0.0962202, 0.0287004, -0.0708158, 0.0580232]
  distortion_model: equidistant
  intrinsics: [1055.05, 1055.72, 653.207, 328.896]
  resolution: [1280, 800]
  rostopic: /ovc/left/image_raw
cam1:
  T_cn_cnm1: [0.99999503551, 0.00129801906, 0.0028712543, -0.11998009419, -0.00128296118,
    0.99998544814, -0.00523999285, -0.0001108048, -0.00287801413, 0.00523628313, 0.99998214903,
    -3.14456e-06, 0.0, 0.0, 0.0, 1.0]
  camera_model: pinhole
  distortion_coeffs: [-0.10577, 0.0730391, -0.147639, 0.102382]
  distortion_model: equidistant
  intrinsics: [1058.65, 1059.71, 684.199, 334.956]
  resolution: [1280, 800]
  rostopic: /ovc/right/image_raw
