T_imu_body: [1.0, 0.0, 0.0, 0.0, 0.0, 1.0, 0.0, 0.0, 0.0, 0.0, 1.0, 0.0, 0.0, 0.0,
  0.0, 1.0]
cam0:
  T_cam_imu: [-0.99996189556, 0.00177716736, 0.00854687716, 0.09476019745, 0.00181086972,
    0.99999060989, 0.00393711635, 0.01366540475, -0.00853979999, 0.00395244361, -0.99995572402,
    -0.01276210826, 0.0, 0.0, 0.0, 1.0]
  camera_model: pinhole
  distortion_coeffs: [-0.104158, 0.0429975, -0.188806, 0.230108]
  distortion_model: equidistant
  intrinsics: [1252.82, 1253.67, 632.007, 340.614]
  resolution: [1280, 800]
  rostopic: /ovc/left/image_raw
cam1:
  T_cn_cnm1: [0.99999436928, 0.00023155194, 0.0033478036, -0.11973013218, -0.00024141541,
    0.99999563095, 0.00294614917, 8.100179e-05, -0.00334710679, -0.00294694079, 0.99999005616,
    1.232736e-05, 0.0, 0.0, 0.0, 1.0]
  camera_model: pinhole
  distortion_coeffs: [-0.0945268, -0.0373101, 0.0432801, 0.00555292]
  distortion_model: equidistant
  intrinsics: [1281.57, 1282.23, 646.782, 348.461]
  resolution: [1280, 800]
  rostopic: /ovc/right/image_raw
