cam0:
  T_cam_imu:
  - [-0.9999997762978816, 0.0006435228734111367, -0.00018243491757310198, 0.09373600102542665]
  - [0.0006430184421914746, 0.9999960073362981, 0.0027516974300195764, 0.0144962017217371]
  - [0.00018420496940875277, 0.0027515795054425312, -0.9999961974321481, -0.010316255815331006]
  - [0.0, 0.0, 0.0, 1.0]
  camera_model: pinhole
  distortion_coeffs: [-0.091743, 0.0100501, -0.0173655, 0.010062]
  distortion_model: equidistant
  intrinsics: [1057.95, 1058.25, 640.787, 342.287]
  projection_matrix:
  - [987.84242490217, 0.0, 652.85484321172, 0.0]
  - [0.0, 987.84242490217, 339.52759207561, 0.0]
  - [0.0, 0.0, 1.0, 0.0]
  rectification_matrix:
  - [0.999998562, -0.00012723057, 0.00169109899]
  - [0.00012424335, 0.99999843215, 0.00176642586]
  - [-0.00169132108, -0.00176621321, 0.99999700996]
  resolution: [1280, 800]
  rostopic: /ovc/left/image_raw
  timeshift_cam_imu: 0.008456906845889716
cam1:
  T_cam_imu:
  - [-0.999992692818813, 0.000984671851970152, 0.0036938774104132437, -0.026205853596861048]
  - [0.0009817915177398856, 0.9999992126780624, -0.0007814913123229837, 0.014483086120810597]
  - [-0.003694644014640327, -0.0007778589843152538, -0.9999928722451004, -0.010672043671787354]
  - [0.0, 0.0, 0.0, 1.0]
  T_cn_cnm1:
  - [0.9999924288837274, 0.0003518186099439848, -0.003875357584691145, -0.11998622415]
  - [-0.0003381263600560152, 0.9999937008986801, 0.0035332465305849747, 5.51202e-05]
  - [0.003876576235308855, -0.003531909419415024, 0.9999862487904847, -0.0006681052]
  - [0.0, 0.0, 0.0, 1.0]
  camera_model: pinhole
  distortion_coeffs: [-0.0883923, -0.00995054, 0.020229, -0.0193597]
  distortion_model: equidistant
  intrinsics: [1055.63, 1056.14, 665.888, 350.535]
  projection_matrix:
  - [987.84242490217, 0.0, 652.85484321172, -118.52932964384]
  - [0.0, 987.84242490217, 339.52759207561, 0.0]
  - [0.0, 0.0, 1.0, 0.0]
  rectification_matrix:
  - [0.99998439252, -0.00045938057, 0.00556809582]
  - [0.00046921493, 0.99999833227, -0.00176502074]
  - [-0.00556727571, 0.00176760582, 0.99998294036]
  resolution: [1280, 800]
  rostopic: /ovc/right/image_raw
  timeshift_cam_imu: 0.009353772466878529
