/**:
  ros__parameters:
    n_beams: 256
    rpm: 300
    sample_freq: 18000
    # deg(-30) ~= -0.5235987756
    min_angle: -0.5235987756
    max_angle: 0.5235987756
    min_range: 0.0
    max_range: 100.0
    model: "os1"
