cam0:
  cam_overlaps: [1]
  camera_model: pinhole
  distortion_coeffs: [-0.39654918708083786, 0.1558790317565405, -0.0010594148000153032,
    0.00025709826301464087]
  distortion_model: equidistant
  intrinsics: [1073.6761539395402, 1073.8330237715743, 639.8740708893763, 350.2857551988687]
  resolution: [1280, 800]
  rostopic: /ovc/left/image_raw
cam1:
  T_cn_cnm1:
  - [0.9999989072413765, -0.00011383197661488926, 0.0014739600837072292, -0.11987932107607416]
  - [0.0001063945042586905, 0.9999872682098861, 0.0050450072678856275, 5.2472004355748504e-05]
  - [-0.0014745156007061513, -0.005044844933658041, 0.999986187576275, -0.000119575350025956]
  - [0.0, 0.0, 0.0, 1.0]
  cam_overlaps: [0]
  camera_model: pinhole
  distortion_coeffs: [-0.3966983368290133, 0.15458308333712786, -0.0009595676428343468,
    0.0005824619005361072]
  distortion_model: equidistant
  intrinsics: [1070.4739652775727, 1070.8246115855497, 660.8552697003395, 357.0592968241504]
  resolution: [1280, 800]
  rostopic: /ovc/right/image_raw
