cam0:
  rectification_matrix:
  - [ 0.99998513429, -0.00072231833,  0.00540457690] 
  - [ 0.00071000439,  0.99999714874,  0.00228000146] 
  - [-0.00540620838, -0.00227613029,  0.99998279592] 
  projection_matrix:
  - [1016.28949887392,  0.00000000000, 652.56153679049,  0.00000000000] 
  - [ 0.00000000000, 1016.28949887392, 329.65089242489,  0.00000000000] 
  - [ 0.00000000000,  0.00000000000,  1.00000000000,  0.00000000000] 
  camera_model: pinhole
  intrinsics: [1067.96, 1068.1, 641.371, 343.293]
  distortion_model: equidistant
  distortion_coeffs: [-0.0964802, 0.00443556, 0.00765515, -0.0180741]
  resolution: [1280, 800]
  rostopic: /ovc/left/image_raw
cam1:
  T_cn_cnm1:
  - [ 0.99999976816,  0.00010526340, -0.00067275668, -0.11983986808] 
  - [-0.00010219715,  0.99998961548,  0.00455614903,  0.00009585961] 
  - [ 0.00067322929, -0.00455607922,  0.99998939440, -0.00072876351] 
  - [ 0.00000000000,  0.00000000000,  0.00000000000,  1.00000000000] 
  rectification_matrix:
  - [ 0.99998119046, -0.00079988241,  0.00608102979] 
  - [ 0.00081373344,  0.99999707971, -0.00227561086] 
  - [-0.00607919181,  0.00228051640,  0.99997892111] 
  projection_matrix:
  - [1016.28949887392,  0.00000000000, 652.56153679049, -121.79429175304] 
  - [ 0.00000000000, 1016.28949887392, 329.65089242489,  0.00000000000] 
  - [ 0.00000000000,  0.00000000000,  1.00000000000,  0.00000000000] 
  camera_model: pinhole
  intrinsics: [1064.59, 1064.79, 664.657, 350.615]
  distortion_model: equidistant
  distortion_coeffs: [-0.0963886, -0.00104029, 0.0133809, -0.017335]
  resolution: [1280, 800]
  rostopic: /ovc/right/image_raw
