cam0:
  T_cam_imu:
  - [-0.9999986418189603, 0.0006908622162476218, 0.0014963521087460437, 0.09376659024554503]
  - [0.0006963388591197592, 0.9999930503125286, 0.003662572707558209, 0.014339979084646638]
  - [-0.0014938113764686287, 0.003663609701241646, -0.999992173215135, -0.010004665255030111]
  - [0.0, 0.0, 0.0, 1.0]
  cam_overlaps: [1]
  camera_model: pinhole
  distortion_coeffs: [-0.08921669100012515, 0.0036755424278144865, -0.011708374532048397,
    0.005799357286396118]
  distortion_model: equidistant
  intrinsics: [1058.04703898802, 1058.2196100463393, 642.0867566020861, 343.6212525674095]
  resolution: [1280, 800]
  rostopic: /ovc/left/image_raw
  timeshift_cam_imu: 0.008447399975430408
cam1:
  T_cam_imu:
  - [-0.9999912909755342, 0.0009044045769987138, 0.004074312880177525, -0.02618037855001458]
  - [0.0009049615183905016, 0.9999995814293963, 0.00013485430135382585, 0.014344939592096578]
  - [-0.004074189211942549, 0.00013854022327485947, -0.9999916908599151, -0.011096417434765787]
  - [0.0, 0.0, 0.0, 1.0]
  T_cn_cnm1:
  - [0.9999966542319435, 0.0002229879641389485, -0.002577169239196196, -0.11997563643258276]
  - [-0.00021389657269771451, 0.999993755818389, 0.0035274030800726635, 6.0396888206409554e-05]
  - [0.002577939715314946, -0.003526840030532588, 0.9999904577675849, -0.0012829974512676998]
  - [0.0, 0.0, 0.0, 1.0]
  cam_overlaps: [0]
  camera_model: pinhole
  distortion_coeffs: [-0.09337087156090869, 0.026346618183340113, -0.06329486672350314,
    0.04644342995151147]
  distortion_model: equidistant
  intrinsics: [1055.434094454324, 1055.6845447978794, 666.9265866693742, 351.85682800429487]
  resolution: [1280, 800]
  rostopic: /ovc/right/image_raw
  timeshift_cam_imu: 0.009365721693268306
