cam0:
  cam_overlaps: [1]
  camera_model: pinhole
  distortion_coeffs: [-0.08921669100012515, 0.0036755424278144865, -0.011708374532048397,
    0.005799357286396118]
  distortion_model: equidistant
  intrinsics: [1058.04703898802, 1058.2196100463393, 642.0867566020861, 343.6212525674095]
  resolution: [1280, 800]
  rostopic: /ovc/left/image_raw
cam1:
  T_cn_cnm1:
  - [0.999996654231944, 0.00022298796413894854, -0.0025771692391961965, -0.11997563643258276]
  - [-0.00021389657269771454, 0.9999937558183895, 0.0035274030800726635, 6.0396888206409554e-05]
  - [0.0025779397153149466, -0.003526840030532588, 0.9999904577675853, -0.0012829974512676998]
  - [0.0, 0.0, 0.0, 1.0]
  cam_overlaps: [0]
  camera_model: pinhole
  distortion_coeffs: [-0.09337087156090869, 0.026346618183340113, -0.06329486672350314,
    0.04644342995151147]
  distortion_model: equidistant
  intrinsics: [1055.434094454324, 1055.6845447978794, 666.9265866693742, 351.85682800429487]
  resolution: [1280, 800]
  rostopic: /ovc/right/image_raw
