# The modifications of the output file from Kalibr:
# 1. For each matrix (e.g. cam0/T_cam_imu), remove the brackets and minus sign for each line. Use one pair of brackets for each matrix.
# 2. Add the T_imu_body at the end of the calibration file (usually set to identity).
T_imu_body: [1.0, 0.0, 0.0, 0.0, 0.0, 1.0, 0.0, 0.0, 0.0, 0.0, 1.0, 0.0, 0.0, 0.0,
  0.0, 1.0]
cam0:
   [-0.99991370721,  0.00669023713,  0.01130570059,  0.09153893768, 
    0.00673396934,  0.99996997458,  0.00383452572,  0.01258894695,
    -0.01127970725,  0.00391032707, -0.99992873623,  0.01285669899, 
    0.00000000000,  0.00000000000,  0.00000000000,  1.00000000000] 
  camera_model: pinhole
  intrinsics: [1061.76, 1062.06, 641.466, 343.561]
  distortion_model: equidistant
  distortion_coeffs: [-0.0935634, 0.0134516, -0.0269317, 0.0166987]
  resolution: [1280, 800]
  rostopic: /ovc/left/image_raw
cam1:
  T_cam_imu:
   [-0.99991094787,  0.00680518530,  0.01147979877, -0.02823527646, 
    0.00679008452,  0.99997603059, -0.00135388534,  0.01272230864, 
   -0.01148873704, -0.00127581597, -0.99993318838,  0.01201406522 
    0.00000000000,  0.00000000000,  0.00000000000,  1.00000000000] 1]
  camera_model: pinhole
  intrinsics: [1058.15, 1058.51, 663.498, 350.864]
  distortion_model: equidistant
  distortion_coeffs: [-0.0916494, -0.00232445, -8.72665e-05, 0.0012446]
  resolution: [1280, 800]
  rostopic: /ovc/right/image_raw
  T_cn_cnm1:
   [ 0.99999997823,  0.00011563088, -0.00017366741, -0.11977343503,
  -0.00011472844,  0.99998653860,  0.00518743203,  0.00007734001, 
  0.00017426490, -0.00518741199,  0.99998653010, -0.00079310857, 
  0.00000000000,  0.00000000000,  0.00000000000,  1.00000000000
