cam0:
  T_cam_imu:
  - [-0.99996189556,  0.00177716736,  0.00854687716,  0.09476019745] 
  - [ 0.00181086972,  0.99999060989,  0.00393711635,  0.01366540475] 
  - [-0.00853979999,  0.00395244361, -0.99995572402, -0.01276210826] 
  - [ 0.00000000000,  0.00000000000,  0.00000000000,  1.00000000000] 
  rectification_matrix:
  - [ 0.99999864327,  0.00127387184, -0.00104436845] 
  - [-0.00127355957,  0.99999914414,  0.00029961762] 
  - [ 0.00104474923, -0.00029828715,  0.99999940976] 
  projection_matrix:
  - [982.58851977400,  0.00000000000, 676.49938364865,  0.00000000000] 
  - [ 0.00000000000, 982.58851977400, 322.56648227680,  0.00000000000] 
  - [ 0.00000000000,  0.00000000000,  1.00000000000,  0.00000000000] 
  camera_model: pinhole
  intrinsics: [1054.71, 1054.98, 653.473, 328.337]
  distortion_model: equidistant
  distortion_coeffs: [-0.0948546, 0.0207405, -0.0517712, 0.0433106]
  resolution: [1280, 800]
  rostopic: /ovc/left/image_raw
cam1:
  T_cam_imu:
  - [-0.99986320175,  0.00302276850,  0.01626163177, -0.02520632043] 
  - [ 0.00307727236,  0.99998972833,  0.00332770685,  0.01353705654] 
  - [-0.01625140585,  0.00337729309, -0.99986223336, -0.01283953417] 
  - [ 0.00000000000,  0.00000000000,  0.00000000000,  1.00000000000] 
  T_cn_cnm1:
  - [ 0.99996946065,  0.00127614205, -0.00771033269, -0.12007946306] 
  - [-0.00127156450,  0.99999901242,  0.00059856421, -0.00000020207] 
  - [ 0.00771108893, -0.00058874175,  0.99997009580, -0.00080046647] 
  - [ 0.00000000000,  0.00000000000,  0.00000000000,  1.00000000000] 
  rectification_matrix:
  - [ 0.99997778203,  0.00000168273,  0.00666599131] 
  - [ 0.00000031009,  0.99999995531, -0.00029895311] 
  - [-0.00666599151,  0.00029894854,  0.99997773735] 
  projection_matrix:
  - [982.58851977400,  0.00000000000, 676.49938364865, -117.99132550391] 
  - [ 0.00000000000, 982.58851977400, 322.56648227680,  0.00000000000] 
  - [ 0.00000000000,  0.00000000000,  1.00000000000,  0.00000000000] 
  camera_model: pinhole
  intrinsics: [1058.35, 1058.88, 688.084, 334.429]
  distortion_model: equidistant
  distortion_coeffs: [-0.104556, 0.0646439, -0.121688, 0.0774547]
  resolution: [1280, 800]
  rostopic: /ovc/right/image_raw
