cam0:
  T_cam_imu:
  - [-0.99996189556,  0.00177716736,  0.00854687716,  0.09476019745] 
  - [ 0.00181086972,  0.99999060989,  0.00393711635,  0.01366540475] 
  - [-0.00853979999,  0.00395244361, -0.99995572402, -0.01276210826] 
  - [ 0.00000000000,  0.00000000000,  0.00000000000,  1.00000000000] 
  rectification_matrix:
  - [ 0.99996911876, -0.00064507421,  0.00783233095] 
  - [ 0.00062930806,  0.99999777136,  0.00201525462] 
  - [-0.00783361349, -0.00201026343,  0.99996729614] 
  projection_matrix:
  - [988.40619150701,  0.00000000000, 655.06754184403,  0.00000000000] 
  - [ 0.00000000000, 988.40619150701, 341.45210266324,  0.00000000000] 
  - [ 0.00000000000,  0.00000000000,  1.00000000000,  0.00000000000] 
  camera_model: pinhole
  intrinsics: [1058.86, 1058.92, 647.755, 343.365]
  distortion_model: equidistant
  distortion_coeffs: [-0.0912233, 0.0119477, -0.0337113, 0.028047]
  resolution: [1280, 800]
  rostopic: /ovc/left/image_raw
cam1:
  T_cam_imu:
  - [-0.99998574287,  0.00193824114,  0.00497566815, -0.02510029272] 
  - [ 0.00193782895,  0.99999811857, -0.00008766175,  0.01369150180] 
  - [-0.00497582870, -0.00007801851, -0.99998761744, -0.01366618872] 
  - [ 0.00000000000,  0.00000000000,  0.00000000000,  1.00000000000] 
  T_cn_cnm1:
  - [ 0.99999360998,  0.00014696882,  0.00357189117, -0.11981630817] 
  - [-0.00016134033,  0.99999189249,  0.00402354537,  0.00009284540] 
  - [-0.00357127088, -0.00402409595,  0.99998552623, -0.00051085994] 
  - [ 0.00000000000,  0.00000000000,  0.00000000000,  1.00000000000] 
  rectification_matrix:
  - [ 0.99999061036, -0.00077489058,  0.00426365278] 
  - [ 0.00078347081,  0.99999767080, -0.00201110906] 
  - [-0.00426208446,  0.00201443062,  0.99998888829] 
  projection_matrix:
  - [988.40619150701,  0.00000000000, 655.06754184403, -118.42829534210] 
  - [ 0.00000000000, 988.40619150701, 341.45210266324,  0.00000000000] 
  - [ 0.00000000000,  0.00000000000,  1.00000000000,  0.00000000000] 
  camera_model: pinhole
  intrinsics: [1056.57, 1056.83, 666.968, 352.83]
  distortion_model: equidistant
  distortion_coeffs: [-0.091001, 0.00285938, -0.00465084, -0.000766508]
  resolution: [1280, 800]
  rostopic: /ovc/right/image_raw
