cam0:
  T_cam_imu:
  - [-0.99996189556,  0.00177716736,  0.00854687716,  0.09476019745] 
  - [ 0.00181086972,  0.99999060989,  0.00393711635,  0.01366540475] 
  - [-0.00853979999,  0.00395244361, -0.99995572402, -0.01276210826] 
  - [ 0.00000000000,  0.00000000000,  0.00000000000,  1.00000000000] 
  rectification_matrix:
  - [ 0.99999826466, -0.00026778179,  0.00184363208] 
  - [ 0.00026345358,  0.99999720992,  0.00234749848] 
  - [-0.00184425555, -0.00234700870,  0.99999554513] 
  projection_matrix:
  - [1196.62648752379,  0.00000000000, 641.00147261640,  0.00000000000] 
  - [ 0.00000000000, 1196.62648752379, 335.84328138128,  0.00000000000] 
  - [ 0.00000000000,  0.00000000000,  1.00000000000,  0.00000000000] 
  camera_model: pinhole
  intrinsics: [1252.97, 1254.5, 633.776, 341.465]
  distortion_model: equidistant
  distortion_coeffs: [-0.0997859, 0.0105553, -0.0837349, 0.0986332]
  resolution: [1280, 800]
  rostopic: /ovc/left/image_raw
cam1:
  T_cam_imu:
  - [-0.99999140474,  0.00212493899,  0.00356020769, -0.02519533385] 
  - [ 0.00212225186,  0.99999746045, -0.00075837701,  0.01364526839] 
  - [-0.00356181015, -0.00075081483, -0.99999337487, -0.01292181127] 
  - [ 0.00000000000,  0.00000000000,  0.00000000000,  1.00000000000] 
  T_cn_cnm1:
  - [ 0.99998750566,  0.00032808183,  0.00498807523, -0.11989517235] 
  - [-0.00035148990,  0.99998892767,  0.00469265340,  0.00007321036] 
  - [-0.00498648043, -0.00469434802,  0.99997654878,  0.00037666774] 
  - [ 0.00000000000,  0.00000000000,  0.00000000000,  1.00000000000] 
  rectification_matrix:
  - [ 0.99999487865, -0.00061061659, -0.00314162610] 
  - [ 0.00060324070,  0.99999706101, -0.00234820520] 
  - [ 0.00314305072,  0.00234629801,  0.99999230803] 
  projection_matrix:
  - [1196.62648752379,  0.00000000000, 641.00147261640, -143.47047701227] 
  - [ 0.00000000000, 1196.62648752379, 335.84328138128,  0.00000000000] 
  - [ 0.00000000000,  0.00000000000,  1.00000000000,  0.00000000000] 
  camera_model: pinhole
  intrinsics: [1282.49, 1283.56, 646.34, 340.469]
  distortion_model: equidistant
  distortion_coeffs: [-0.088596, -0.0932839, 0.26774, -0.310457]
  resolution: [1280, 800]
  rostopic: /ovc/right/image_raw
