cam0:
  T_cam_imu:
  - [-0.99999864182,  0.00069086222,  0.00149635211,  0.09376659025] 
  - [ 0.00069633886,  0.99999305031,  0.00366257271,  0.01433997908] 
  - [-0.00149381138,  0.00366360970, -0.99999217322, -0.01000466526] 
  - [ 0.00000000000,  0.00000000000,  0.00000000000,  1.00000000000] 
  rectification_matrix:
  - [ 0.99999856200, -0.00012723057,  0.00169109899] 
  - [ 0.00012424335,  0.99999843215,  0.00176642586] 
  - [-0.00169132108, -0.00176621321,  0.99999700996] 
  projection_matrix:
  - [987.84242490217,  0.00000000000, 652.85484321172,  0.00000000000] 
  - [ 0.00000000000, 987.84242490217, 339.52759207561,  0.00000000000] 
  - [ 0.00000000000,  0.00000000000,  1.00000000000,  0.00000000000] 
  camera_model: pinhole
  intrinsics: [1057.95, 1058.25, 640.787, 342.287]
  distortion_model: equidistant
  distortion_coeffs: [-0.091743, 0.0100501, -0.0173655, 0.010062]
  resolution: [1280, 800]
  rostopic: /ovc/left/image_raw
cam1:
  T_cam_imu:
  - [-0.99998503668,  0.00102847535,  0.00537295659, -0.02617652709] 
  - [ 0.00102918237,  0.99999946209,  0.00012882480,  0.01432795505] 
  - [-0.00537282121,  0.00013435263, -0.99998555727, -0.01035978705] 
  - [ 0.00000000000,  0.00000000000,  0.00000000000,  1.00000000000] 
  T_cn_cnm1:
  - [ 0.99999242888,  0.00035181861, -0.00387535758, -0.11998622415] 
  - [-0.00033812636,  0.99999370090,  0.00353324653,  0.00005512020] 
  - [ 0.00387657624, -0.00353190942,  0.99998624879, -0.00066810520] 
  - [ 0.00000000000,  0.00000000000,  0.00000000000,  1.00000000000] 
  rectification_matrix:
  - [ 0.99998439252, -0.00045938057,  0.00556809582] 
  - [ 0.00046921493,  0.99999833227, -0.00176502074] 
  - [-0.00556727571,  0.00176760582,  0.99998294036] 
  projection_matrix:
  - [987.84242490217,  0.00000000000, 652.85484321172, -118.52932964384] 
  - [ 0.00000000000, 987.84242490217, 339.52759207561,  0.00000000000] 
  - [ 0.00000000000,  0.00000000000,  1.00000000000,  0.00000000000] 
  camera_model: pinhole
  intrinsics: [1055.63, 1056.14, 665.888, 350.535]
  distortion_model: equidistant
  distortion_coeffs: [-0.0883923, -0.00995054, 0.020229, -0.0193597]
  resolution: [1280, 800]
  rostopic: /ovc/right/image_raw
