cam0:
  T_cam_imu:
  - [-0.99991370721,  0.00669023713,  0.01130570059,  0.09153893768] 
  - [ 0.00673396934,  0.99996997458,  0.00383452572,  0.01258894695] 
  - [-0.01127970725,  0.00391032707, -0.99992873623,  0.01285669899] 
  - [ 0.00000000000,  0.00000000000,  0.00000000000,  1.00000000000] 
  rectification_matrix:
  - [ 0.99999185451, -0.00109645627,  0.00388441784] 
  - [ 0.00108103847,  0.99999153909,  0.00396901870] 
  - [-0.00388873683, -0.00396478716,  0.99998457898] 
  projection_matrix:
  - [990.66235672745,  0.00000000000, 650.52484123554,  0.00000000000] 
  - [ 0.00000000000, 990.66235672745, 339.60809718388,  0.00000000000] 
  - [ 0.00000000000,  0.00000000000,  1.00000000000,  0.00000000000] 
  camera_model: pinhole
  intrinsics: [1063, 1063.07, 641.153, 343.116]
  distortion_model: equidistant
  distortion_coeffs: [-0.0951576, 0.0218768, -0.0483558, 0.0353452]
  resolution: [1280, 800]
  rostopic: /ovc/left/image_raw
cam1:
  T_cam_imu:
  - [-0.99989525045,  0.00698432924,  0.01267703685, -0.02827811445] 
  - [ 0.00693282201,  0.99996755245, -0.00410244191,  0.01282637834] 
  - [-0.01270527832, -0.00401412455, -0.99991122741,  0.01225120804] 
  - [ 0.00000000000,  0.00000000000,  0.00000000000,  1.00000000000] 
  T_cn_cnm1:
  - [ 0.99999901630,  0.00029946599, -0.00137029672, -0.11980311456] 
  - [-0.00028858470,  0.99996848250,  0.00793414954,  0.00016223792] 
  - [ 0.00137262954, -0.00793374629,  0.99996758525, -0.00063084575] 
  - [ 0.00000000000,  0.00000000000,  0.00000000000,  1.00000000000] 
  rectification_matrix:
  - [ 0.99998521966, -0.00135418450,  0.00526560929] 
  - [ 0.00137506213,  0.99999120067, -0.00396330537] 
  - [-0.00526019591,  0.00397048733,  0.99997828255] 
  projection_matrix:
  - [990.66235672745,  0.00000000000, 650.52484123554, -118.68619118991] 
  - [ 0.00000000000, 990.66235672745, 339.60809718388,  0.00000000000] 
  - [ 0.00000000000,  0.00000000000,  1.00000000000,  0.00000000000] 
  camera_model: pinhole
  intrinsics: [1059.44, 1059.61, 663.712, 349.784]
  distortion_model: equidistant
  distortion_coeffs: [-0.0931363, 0.00553469, -0.0165573, 0.0130153]
  resolution: [1280, 800]
  rostopic: /ovc/right/image_raw
