T_imu_body: [1.0, 0.0, 0.0, 0.0, 0.0, 1.0, 0.0, 0.0, 0.0, 0.0, 1.0, 0.0, 0.0, 0.0,
  0.0, 1.0]
cam0:
  T_cam_imu: [-0.99991370721,  0.00669023713,  0.01130570059,  0.09153893768,
   0.00673396934,  0.99996997458,  0.00383452572,  0.01258894695,
  -0.01127970725,  0.00391032707, -0.99992873623,  0.01285669899,
   0.00000000000,  0.00000000000,  0.00000000000,  1.00000000000] 
  camera_model: pinhole
  intrinsics: [1063.44, 1063.24, 641.234, 343.333]
  distortion_model: equidistant
  distortion_coeffs: [-0.0919058, 0.00522154, -0.0105818, 0.00306086]
  resolution: [1280, 800]
  rostopic: /ovc/left/image_raw
cam1:
  T_cn_cnm1: [ 0.99999188474,  0.00015326950, -0.00402578753, -0.11982485729, 
   -0.00012053026,  0.99996693264,  0.00813136458,  0.00014283334, 
   0.00402690069, -0.00813081336,  0.99995883613, -0.00098466553, 
   0.00000000000,  0.00000000000,  0.00000000000,  1.00000000000] 
  camera_model: pinhole
  intrinsics: [1059.84, 1059.68, 663.88, 350.121]
  distortion_model: equidistant
  distortion_coeffs: [-0.0905249, -0.0110959, 0.0210461, -0.0157691]
  resolution: [1280, 800]
  rostopic: /ovc/right/image_raw
