T_imu_body: [1.0, 0.0, 0.0, 0.0, 0.0, 1.0, 0.0, 0.0, 0.0, 0.0, 1.0, 0.0, 0.0, 0.0,
  0.0, 1.0]
cam0:
  T_cam_imu: [-0.99991370721,  0.00669023713,  0.01130570059,  0.09153893768,
   0.00673396934,  0.99996997458,  0.00383452572,  0.01258894695,
  -0.01127970725,  0.00391032707, -0.99992873623,  0.01285669899,
   0.00000000000,  0.00000000000,  0.00000000000,  1.00000000000] 
  camera_model: pinhole
  intrinsics: [1060.45, 1060.69, 640.877, 344.788]
  distortion_model: equidistant
  distortion_coeffs: [-0.0924296, 0.0135224, -0.0300342, 0.0195595]
  resolution: [1280, 800]
  rostopic: /ovc/left/image_raw
cam1:
  T_cn_cnm1: [0.99998479950,  0.00007664300, -0.00551315692, -0.11996458358, 
  -0.00005273294,  0.99999059411,  0.00433692470,  0.00005949042,
  0.00551343746, -0.00433656806,  0.99997539779, -0.00091282711,
  0.00000000000,  0.00000000000,  0.00000000000,  1.00000000000] 
  camera_model: pinhole
  intrinsics: [1057.11, 1057.47, 663.208, 350.336]
  distortion_model: equidistant
  distortion_coeffs: [-0.0897924, -0.00547218, 0.00196313, 0.00315461]
  resolution: [1280, 800]
  rostopic: /ovc/right/image_raw
  


