cam0:
  T_cam_imu:
  - [-0.99991370721,  0.00669023713,  0.01130570059,  0.09153893768] 
  - [ 0.00673396934,  0.99996997458,  0.00383452572,  0.01258894695] 
  - [-0.01127970725,  0.00391032707, -0.99992873623,  0.01285669899] 
  - [ 0.00000000000,  0.00000000000,  0.00000000000,  1.00000000000] 
  rectification_matrix:
  - [ 0.99999770620, -0.00045223655,  0.00209358226] 
  - [ 0.00044769701,  0.99999754908,  0.00216827288] 
  - [-0.00209455770, -0.00216733062,  0.99999545774] 
  projection_matrix:
  - [988.97858624243,  0.00000000000, 649.64471340463,  0.00000000000] 
  - [ 0.00000000000, 988.97858624243, 340.83629311158,  0.00000000000] 
  - [ 0.00000000000,  0.00000000000,  1.00000000000,  0.00000000000] 
  camera_model: pinhole
  intrinsics: [1060.45, 1060.69, 640.877, 344.788]
  distortion_model: equidistant
  distortion_coeffs: [-0.0924296, 0.0135224, -0.0300342, 0.0195595]
  resolution: [1280, 800]
  rostopic: /ovc/left/image_raw
cam1:
  T_cam_imu:
  - [-0.99983580511,  0.00674521789,  0.01681858666, -0.02849695348] 
  - [ 0.00673771515,  0.99997717497, -0.00050272217,  0.01269925038] 
  - [-0.01682159375, -0.00038932078, -0.99985843119,  0.01239365696] 
  - [ 0.00000000000,  0.00000000000,  0.00000000000,  1.00000000000] 
  T_cn_cnm1:
  - [ 0.99998479950,  0.00007664300, -0.00551315692, -0.11996458358] 
  - [-0.00005273294,  0.99999059411,  0.00433692470,  0.00005949042] 
  - [ 0.00551343746, -0.00433656806,  0.99997539779, -0.00091282711] 
  - [ 0.00000000000,  0.00000000000,  0.00000000000,  1.00000000000] 
  rectification_matrix:
  - [ 0.99997092882, -0.00049588540,  0.00760891688] 
  - [ 0.00051237899,  0.99999752324, -0.00216586939] 
  - [-0.00760782401,  0.00216970508,  0.99996870621] 
  projection_matrix:
  - [988.97858624243,  0.00000000000, 649.64471340463, -118.64585455909] 
  - [ 0.00000000000, 988.97858624243, 340.83629311158,  0.00000000000] 
  - [ 0.00000000000,  0.00000000000,  1.00000000000,  0.00000000000] 
  camera_model: pinhole
  intrinsics: [1057.11, 1057.47, 663.208, 350.336]
  distortion_model: equidistant
  distortion_coeffs: [-0.0897924, -0.00547218, 0.00196313, 0.00315461]
  resolution: [1280, 800]
  rostopic: /ovc/right/image_raw
