cam0:
  T_cam_imu:
  - [-0.99999977630,  0.00064352287, -0.00018243492,  0.09373600103] 
  - [ 0.00064301844,  0.99999600734,  0.00275169743,  0.01449620172] 
  - [ 0.00018420497,  0.00275157951, -0.99999619743, -0.01031625582] 
  - [ 0.00000000000,  0.00000000000,  0.00000000000,  1.00000000000] 
  rectification_matrix:
  - [ 0.99999751469, -0.00051231522,  0.00216982777] 
  - [ 0.00050848775,  0.99999831464,  0.00176413285] 
  - [-0.00217072790, -0.00176302514,  0.99999608983] 
  projection_matrix:
  - [990.57056075217,  0.00000000000, 652.20292339561,  0.00000000000] 
  - [ 0.00000000000, 990.57056075217, 341.20800587634,  0.00000000000] 
  - [ 0.00000000000,  0.00000000000,  1.00000000000,  0.00000000000] 
  camera_model: pinhole
  intrinsics: [1061.02, 1061.19, 641.359, 343.789]
  distortion_model: equidistant
  distortion_coeffs: [-0.0950352, 0.0154078, -0.0274014, 0.015226]
  resolution: [1280, 800]
  rostopic: /ovc/left/image_raw
cam1:
  T_cam_imu:
  - [-0.99998866694,  0.00095424525,  0.00466426972, -0.02625392874] 
  - [ 0.00095063093,  0.99999924625, -0.00077705065,  0.01452836522] 
  - [-0.00466500771, -0.00077260784, -0.99998882033, -0.01075541912] 
  - [ 0.00000000000,  0.00000000000,  0.00000000000,  1.00000000000] 
  T_cn_cnm1:
  - [ 0.99998820639,  0.00032406494, -0.00484582919, -0.12004351280] 
  - [-0.00030696657,  0.99999372665,  0.00352880024,  0.00009743226] 
  - [ 0.00484694235, -0.00352727111,  0.99998203259, -0.00084254962] 
  - [ 0.00000000000,  0.00000000000,  0.00000000000,  1.00000000000] 
  rectification_matrix:
  - [ 0.99997504047, -0.00081162092,  0.00701852630] 
  - [ 0.00082399747,  0.99999811048, -0.00176069944] 
  - [-0.00701708402,  0.00176643874,  0.99997381977] 
  projection_matrix:
  - [990.57056075217,  0.00000000000, 652.20292339561, -118.91454116757] 
  - [ 0.00000000000, 990.57056075217, 341.20800587634,  0.00000000000] 
  - [ 0.00000000000,  0.00000000000,  1.00000000000,  0.00000000000] 
  camera_model: pinhole
  intrinsics: [1058.63, 1059.01, 666.149, 352.01]
  distortion_model: equidistant
  distortion_coeffs: [-0.091382, -0.00632694, 0.0124339, -0.0104835]
  resolution: [1280, 800]
  rostopic: /ovc/right/image_raw
