T_imu_body: [1.0, 0.0, 0.0, 0.0, 0.0, 1.0, 0.0, 0.0, 0.0, 0.0, 1.0, 0.0, 0.0, 0.0,
  0.0, 1.0]
cam0:
  T_cam_imu: [-0.0004915109329536986, -0.9999943283347833, -0.0033319236588742504,
    -0.06850876276008082, -0.9999950631612503, 0.0005018466571932608, -0.003101903135152961,
    -0.017745257119209174, 0.0031035576569470725, 0.003330382590400529, -0.9999896381871523,
    -0.026224957752468667, 0.0, 0.0, 0.0, 1.0]
  camera_model: pinhole
  distortion_coeffs: [-0.0135794, -0.00255079, -0.00147967, 0.000478425]
  distortion_model: equidistant
  intrinsics: [602.721, 602.195, 643.697, 510.473]
  projection_matrix: [473.91182373702, 0.0, 603.20561622831, 0.0, 0.0, 473.91182373702,
    654.2018046967, 0.0, 0.0, 0.0, 1.0, 0.0]
  rectification_matrix: [-0.99987854006, -0.01444416263, 0.00585416825, 0.01440133743,
    -0.99986970098, -0.00729263643, 0.00595874148, -0.00720744282, 0.99995627213]
  resolution: [1280, 1024]
  rostopic: /emu1/sync/cam0/image_raw
  timeshift_cam_imu: 0.01873515625198529
cam1:
  T_cam_imu: [0.0011254644905027737, 0.9998911538286828, 0.014711010326491771, -0.0816305593309165,
    0.9998656351450221, -0.001365772627730851, 0.016335431465706565, 0.01599628126430857,
    0.016353745311764895, 0.014690648735670981, -0.9997583407273996, -0.02782714381442062,
    0.0, 0.0, 0.0, 1.0]
  T_cn_cnm1: [-0.9999350519209045, -0.0006692990302122397, -0.011377344858796882,
    -0.15044511985, 0.0008198915797877601, -0.9999120553027603, -0.01323667009851425,
    -0.00203837661, -0.011367484991203113, -0.013245138591485748, 0.9998476616894981,
    -0.00261999185, 0.0, 0.0, 0.0, 1.0]
  camera_model: pinhole
  distortion_coeffs: [-0.0140087, -0.000522393, -0.00346404, 0.00124459]
  distortion_model: equidistant
  intrinsics: [600.766, 600.289, 649.967, 533.972]
  projection_matrix: [473.91182373702, 0.0, 603.20561622831, -71.31507420059, 0.0,
    473.91182373702, 654.2018046967, 0.0, 0.0, 0.0, 1.0, 0.0]
  rectification_matrix: [0.99975666157, 0.01354567462, 0.01741069606, -0.01364828339,
    0.99989010463, 0.00578817912, -0.01733037791, -0.00602439675, 0.99983166815]
  resolution: [1280, 1024]
  rostopic: /emu1/sync/cam1/image_raw
  timeshift_cam_imu: 0.01978444081907984
