# The modifications of the output file from Kalibr:
# 1. For each matrix (e.g. cam0/T_cam_imu), remove the brackets and minus sign for each line. Use one pair of brackets for each matrix.
# 2. Add the T_imu_body at the end of the calibration file (usually set to identity).

cam0:
  T_cam_imu:
    [0.999579841092355, 0.028867689872816987, -0.0026072520379001184, -0.09576613632440024,
    0.02887035937891052, -0.9995826719586286, 0.0009921035133958439, -0.018251688047004243,
    -0.0025775242219673367, -0.0010669589755929582, -0.9999961089761448, -0.002159457106416317,
    0.0, 0.0, 0.0, 1.0]
  camera_model: pinhole
  distortion_coeffs: [-0.019040045956390493, -0.0009287289609083722, -0.002687089826777228,
    0.0003608585831176439]
  distortion_model: equidistant
  intrinsics: [611.5379590422677, 611.5039104450904, 484.2605031100801, 399.1397003597995]
  resolution: [960, 800]
  rostopic: /sync/cam0/image_raw
cam1:
  T_cam_imu:
    [0.9996955737546612, 0.024588174513686074, -0.0020448690479598687, 0.10424607338816601,
    0.02465020384351144, -0.9988998599672735, 0.039892821507573596, -0.018372333912572942,
    -0.0010617277485869756, -0.039931083524571566, -0.9992018721473362, -0.0030172768705483202,
    0.0, 0.0, 0.0, 1.0]
  T_cn_cnm1:
    [0.9999906780398065, 0.004281628583060918, -0.0005581130381113744, 0.20008825871252045,
    -0.004300095170917445, 0.9992342290972888, -0.038890417609825874, -0.000630408166225455,
    0.000391171327740959, 0.03889245501408104, 0.9992433256859755, -0.00011213984685887364,
    0.0, 0.0, 0.0, 1.0]
  camera_model: pinhole
  distortion_coeffs: [-0.0222886772846415, 0.0015125670874832986, -0.0025161179250288352,
    0.0006874883017609254]
  distortion_model: equidistant
  intrinsics: [612.6589686157581, 612.2127008000045, 486.4694683906339, 409.68438095620695]
  resolution: [960, 800]
  rostopic: /sync/cam1/image_raw
T_imu_body:
  [1.0000, 0.0000, 0.0000, 0.0000,
  0.0000, 1.0000, 0.0000, 0.0000,
  0.0000, 0.0000, 1.0000, 0.0000,
  0.0000, 0.0000, 0.0000, 1.0000]
